+-------+-------+-------+
| 4 0 0 | 0 0 0 | 8 0 5 |
| 0 3 0 | 0 0 0 | 0 0 0 |
| 0 0 0 | 7 0 0 | 0 0 0 |
+-------+-------+-------+
| 0 2 0 | 0 0 0 | 0 6 0 |
| 0 0 0 | 0 8 0 | 4 0 0 |
| 0 0 0 | 0 1 0 | 0 0 0 |
+-------+-------+-------+
| 0 0 0 | 6 0 3 | 0 7 0 |
| 5 0 0 | 2 0 0 | 0 0 0 |
| 1 0 4 | 0 0 0 | 0 0 0 |
+-------+-------+-------+
+-------+-------+-------+
| 4 1 7 | 3 6 9 | 8 2 5 |
| 6 3 2 | 1 5 8 | 9 4 7 |
| 9 5 8 | 7 2 4 | 3 1 6 |
+-------+-------+-------+
| 8 2 5 | 4 3 7 | 1 6 9 |
| 7 9 1 | 5 8 6 | 4 3 2 |
| 3 4 6 | 9 1 2 | 7 5 8 |
+-------+-------+-------+
| 2 8 9 | 6 4 3 | 5 7 1 |
| 5 7 3 | 2 9 1 | 6 8 4 |
| 1 6 4 | 8 7 5 | 2 9 3 |
+-------+-------+-------+
Судоку   1 решена за 0.063485 сек.

+-------+-------+-------+
| 5 2 0 | 0 0 6 | 0 0 0 |
| 0 0 0 | 0 0 0 | 7 0 1 |
| 3 0 0 | 0 0 0 | 0 0 0 |
+-------+-------+-------+
| 0 0 0 | 4 0 0 | 8 0 0 |
| 6 0 0 | 0 0 0 | 0 5 0 |
| 0 0 0 | 0 0 0 | 0 0 0 |
+-------+-------+-------+
| 0 4 1 | 8 0 0 | 0 0 0 |
| 0 0 0 | 0 3 0 | 0 2 0 |
| 0 0 8 | 7 0 0 | 0 0 0 |
+-------+-------+-------+
+-------+-------+-------+
| 5 2 7 | 3 1 6 | 4 8 9 |
| 8 9 6 | 5 4 2 | 7 3 1 |
| 3 1 4 | 9 8 7 | 5 6 2 |
+-------+-------+-------+
| 1 7 2 | 4 5 3 | 8 9 6 |
| 6 8 9 | 2 7 1 | 3 5 4 |
| 4 5 3 | 6 9 8 | 2 1 7 |
+-------+-------+-------+
| 9 4 1 | 8 2 5 | 6 7 3 |
| 7 6 5 | 1 3 4 | 9 2 8 |
| 2 3 8 | 7 6 9 | 1 4 5 |
+-------+-------+-------+
Судоку   2 решена за 0.209777 сек.

+-------+-------+-------+
| 6 0 0 | 0 0 0 | 8 0 3 |
| 0 4 0 | 7 0 0 | 0 0 0 |
| 0 0 0 | 0 0 0 | 0 0 0 |
+-------+-------+-------+
| 0 0 0 | 5 0 4 | 0 7 0 |
| 3 0 0 | 2 0 0 | 0 0 0 |
| 1 0 6 | 0 0 0 | 0 0 0 |
+-------+-------+-------+
| 0 2 0 | 0 0 0 | 0 5 0 |
| 0 0 0 | 0 8 0 | 6 0 0 |
| 0 0 0 | 0 1 0 | 0 0 0 |
+-------+-------+-------+
+-------+-------+-------+
| 6 1 7 | 4 5 9 | 8 2 3 |
| 2 4 8 | 7 3 6 | 9 1 5 |
| 5 3 9 | 1 2 8 | 4 6 7 |
+-------+-------+-------+
| 9 8 2 | 5 6 4 | 3 7 1 |
| 3 7 4 | 2 9 1 | 5 8 6 |
| 1 5 6 | 8 7 3 | 2 9 4 |
+-------+-------+-------+
| 8 2 3 | 6 4 7 | 1 5 9 |
| 7 9 1 | 3 8 5 | 6 4 2 |
| 4 6 5 | 9 1 2 | 7 3 8 |
+-------+-------+-------+
Судоку   3 решена за 0.20633200000000002 сек.

+-------+-------+-------+
| 4 8 0 | 3 0 0 | 0 0 0 |
| 0 0 0 | 0 0 0 | 0 7 1 |
| 0 2 0 | 0 0 0 | 0 0 0 |
+-------+-------+-------+
| 7 0 5 | 0 0 0 | 0 6 0 |
| 0 0 0 | 2 0 0 | 8 0 0 |
| 0 0 0 | 0 0 0 | 0 0 0 |
+-------+-------+-------+
| 0 0 1 | 0 7 6 | 0 0 0 |
| 3 0 0 | 0 0 0 | 4 0 0 |
| 0 0 0 | 0 5 0 | 0 0 0 |
+-------+-------+-------+
+-------+-------+-------+
| 4 8 7 | 3 1 2 | 6 9 5 |
| 5 9 3 | 6 8 4 | 2 7 1 |
| 1 2 6 | 5 9 7 | 3 8 4 |
+-------+-------+-------+
| 7 3 5 | 8 4 9 | 1 6 2 |
| 9 1 4 | 2 6 5 | 8 3 7 |
| 2 6 8 | 7 3 1 | 5 4 9 |
+-------+-------+-------+
| 8 5 1 | 4 7 6 | 9 2 3 |
| 3 7 9 | 1 2 8 | 4 5 6 |
| 6 4 2 | 9 5 3 | 7 1 8 |
+-------+-------+-------+
Судоку   4 решена за 9.576126 сек.

+-------+-------+-------+
| 0 0 0 | 0 1 4 | 0 0 0 |
| 0 3 0 | 0 0 0 | 2 0 0 |
| 0 7 0 | 0 0 0 | 0 0 0 |
+-------+-------+-------+
| 0 0 0 | 9 0 0 | 0 3 0 |
| 6 0 1 | 0 0 0 | 0 0 0 |
| 0 0 0 | 0 0 0 | 0 8 0 |
+-------+-------+-------+
| 2 0 0 | 0 0 0 | 1 0 4 |
| 0 0 0 | 0 5 0 | 6 0 0 |
| 0 0 0 | 7 0 8 | 0 0 0 |
+-------+-------+-------+
+-------+-------+-------+
| 9 6 2 | 3 1 4 | 8 5 7 |
| 1 3 4 | 5 8 7 | 2 6 9 |
| 5 7 8 | 2 9 6 | 4 1 3 |
+-------+-------+-------+
| 8 4 7 | 9 6 2 | 5 3 1 |
| 6 5 1 | 8 7 3 | 9 4 2 |
| 3 2 9 | 1 4 5 | 7 8 6 |
+-------+-------+-------+
| 2 8 5 | 6 3 9 | 1 7 4 |
| 7 9 3 | 4 5 1 | 6 2 8 |
| 4 1 6 | 7 2 8 | 3 9 5 |
+-------+-------+-------+
Судоку   5 решена за 2.580166 сек.

+-------+-------+-------+
| 0 0 0 | 0 0 0 | 5 2 0 |
| 0 8 0 | 4 0 0 | 0 0 0 |
| 0 3 0 | 0 0 9 | 0 0 0 |
+-------+-------+-------+
| 5 0 1 | 0 0 0 | 6 0 0 |
| 2 0 0 | 7 0 0 | 0 0 0 |
| 0 0 0 | 3 0 0 | 0 0 0 |
+-------+-------+-------+
| 6 0 0 | 0 1 0 | 0 0 0 |
| 0 0 0 | 0 0 0 | 7 0 4 |
| 0 0 0 | 0 0 0 | 0 3 0 |
+-------+-------+-------+
+-------+-------+-------+
| 4 1 6 | 8 3 7 | 5 2 9 |
| 9 8 2 | 4 6 5 | 3 7 1 |
| 7 3 5 | 1 2 9 | 4 6 8 |
+-------+-------+-------+
| 5 7 1 | 2 9 8 | 6 4 3 |
| 2 9 3 | 7 4 6 | 1 8 5 |
| 8 6 4 | 3 5 1 | 2 9 7 |
+-------+-------+-------+
| 6 4 7 | 9 1 3 | 8 5 2 |
| 3 5 9 | 6 8 2 | 7 1 4 |
| 1 2 8 | 5 7 4 | 9 3 6 |
+-------+-------+-------+
Судоку   6 решена за 25.138745 сек.

+-------+-------+-------+
| 6 0 2 | 0 5 0 | 0 0 0 |
| 0 0 0 | 0 0 3 | 0 4 0 |
| 0 0 0 | 0 0 0 | 0 0 0 |
+-------+-------+-------+
| 4 3 0 | 0 0 8 | 0 0 0 |
| 0 1 0 | 0 0 0 | 2 0 0 |
| 0 0 0 | 0 0 0 | 7 0 0 |
+-------+-------+-------+
| 5 0 0 | 2 7 0 | 0 0 0 |
| 0 0 0 | 0 0 0 | 0 8 1 |
| 0 0 0 | 6 0 0 | 0 0 0 |
+-------+-------+-------+
+-------+-------+-------+
| 6 8 2 | 1 5 4 | 3 7 9 |
| 9 5 1 | 7 6 3 | 8 4 2 |
| 3 7 4 | 8 9 2 | 1 6 5 |
+-------+-------+-------+
| 4 3 7 | 5 2 8 | 9 1 6 |
| 8 1 6 | 9 3 7 | 2 5 4 |
| 2 9 5 | 4 1 6 | 7 3 8 |
+-------+-------+-------+
| 5 6 8 | 2 7 1 | 4 9 3 |
| 7 2 9 | 3 4 5 | 6 8 1 |
| 1 4 3 | 6 8 9 | 5 2 7 |
+-------+-------+-------+
Судоку   7 решена за 9.752817 сек.

+-------+-------+-------+
| 0 5 2 | 4 0 0 | 0 0 0 |
| 0 0 0 | 0 7 0 | 1 0 0 |
| 0 0 0 | 0 0 0 | 0 0 0 |
+-------+-------+-------+
| 0 0 0 | 8 0 2 | 0 0 0 |
| 3 0 0 | 0 0 0 | 6 0 0 |
| 0 9 0 | 5 0 0 | 0 0 0 |
+-------+-------+-------+
| 1 0 6 | 0 3 0 | 0 0 0 |
| 0 0 0 | 0 0 0 | 0 8 9 |
| 7 0 0 | 0 0 0 | 0 0 0 |
+-------+-------+-------+
+-------+-------+-------+
| 6 5 2 | 4 8 1 | 9 3 7 |
| 8 3 4 | 6 7 9 | 1 5 2 |
| 9 7 1 | 3 2 5 | 8 6 4 |
+-------+-------+-------+
| 4 6 7 | 8 1 2 | 5 9 3 |
| 3 1 5 | 7 9 4 | 6 2 8 |
| 2 9 8 | 5 6 3 | 4 7 1 |
+-------+-------+-------+
| 1 8 6 | 9 3 7 | 2 4 5 |
| 5 2 3 | 1 4 6 | 7 8 9 |
| 7 4 9 | 2 5 8 | 3 1 6 |
+-------+-------+-------+
Судоку   8 решена за 0.11824000000000012 сек.

+-------+-------+-------+
| 6 0 2 | 0 5 0 | 0 0 0 |
| 0 0 0 | 0 0 4 | 0 3 0 |
| 0 0 0 | 0 0 0 | 0 0 0 |
+-------+-------+-------+
| 4 3 0 | 0 0 8 | 0 0 0 |
| 0 1 0 | 0 0 0 | 2 0 0 |
| 0 0 0 | 0 0 0 | 7 0 0 |
+-------+-------+-------+
| 5 0 0 | 2 7 0 | 0 0 0 |
| 0 0 0 | 0 0 0 | 0 8 1 |
| 0 0 0 | 6 0 0 | 0 0 0 |
+-------+-------+-------+
+-------+-------+-------+
| 6 8 2 | 1 5 3 | 4 7 9 |
| 9 5 1 | 7 6 4 | 8 3 2 |
| 3 7 4 | 8 9 2 | 1 6 5 |
+-------+-------+-------+
| 4 3 7 | 5 2 8 | 9 1 6 |
| 8 1 6 | 9 4 7 | 2 5 3 |
| 2 9 5 | 3 1 6 | 7 4 8 |
+-------+-------+-------+
| 5 6 8 | 2 7 1 | 3 9 4 |
| 7 2 9 | 4 3 5 | 6 8 1 |
| 1 4 3 | 6 8 9 | 5 2 7 |
+-------+-------+-------+
Судоку   9 решена за 8.012766 сек.

+-------+-------+-------+
| 0 9 2 | 3 0 0 | 0 0 0 |
| 0 0 0 | 0 8 0 | 1 0 0 |
| 0 0 0 | 0 0 0 | 0 0 0 |
+-------+-------+-------+
| 1 0 7 | 0 4 0 | 0 0 0 |
| 0 0 0 | 0 0 0 | 0 6 5 |
| 8 0 0 | 0 0 0 | 0 0 0 |
+-------+-------+-------+
| 0 6 0 | 5 0 2 | 0 0 0 |
| 4 0 0 | 0 0 0 | 7 0 0 |
| 0 0 0 | 9 0 0 | 0 0 0 |
+-------+-------+-------+
+-------+-------+-------+
| 7 9 2 | 3 5 1 | 6 4 8 |
| 5 4 3 | 7 8 6 | 1 2 9 |
| 6 8 1 | 4 2 9 | 5 3 7 |
+-------+-------+-------+
| 1 5 7 | 6 4 8 | 2 9 3 |
| 9 2 4 | 1 3 7 | 8 6 5 |
| 8 3 6 | 2 9 5 | 4 7 1 |
+-------+-------+-------+
| 3 6 8 | 5 7 2 | 9 1 4 |
| 4 1 9 | 8 6 3 | 7 5 2 |
| 2 7 5 | 9 1 4 | 3 8 6 |
+-------+-------+-------+
Судоку  10 решена за 11.299678 сек.

+-------+-------+-------+
| 6 0 0 | 3 0 2 | 0 0 0 |
| 0 5 0 | 0 0 0 | 0 1 0 |
| 0 0 0 | 0 0 0 | 0 0 0 |
+-------+-------+-------+
| 7 0 2 | 6 0 0 | 0 0 0 |
| 0 0 0 | 0 0 0 | 0 5 4 |
| 3 0 0 | 0 0 0 | 0 0 0 |
+-------+-------+-------+
| 0 8 0 | 1 5 0 | 0 0 0 |
| 0 0 0 | 0 4 0 | 2 0 0 |
| 0 0 0 | 0 0 0 | 7 0 0 |
+-------+-------+-------+
+-------+-------+-------+
| 6 1 4 | 3 8 2 | 5 7 9 |
| 9 5 3 | 7 6 4 | 8 1 2 |
| 8 2 7 | 5 9 1 | 4 3 6 |
+-------+-------+-------+
| 7 4 2 | 6 3 5 | 1 9 8 |
| 1 6 8 | 2 7 9 | 3 5 4 |
| 3 9 5 | 4 1 8 | 6 2 7 |
+-------+-------+-------+
| 2 8 6 | 1 5 7 | 9 4 3 |
| 5 7 9 | 8 4 3 | 2 6 1 |
| 4 3 1 | 9 2 6 | 7 8 5 |
+-------+-------+-------+
Судоку  11 решена за 1.6810490000000016 сек.

+-------+-------+-------+
| 0 6 0 | 5 0 1 | 0 9 0 |
| 1 0 0 | 0 9 0 | 0 5 3 |
| 9 0 0 | 0 0 7 | 0 0 0 |
+-------+-------+-------+
| 0 4 0 | 8 0 0 | 0 7 0 |
| 0 0 0 | 0 0 0 | 5 0 8 |
| 0 8 1 | 7 0 5 | 0 3 0 |
+-------+-------+-------+
| 0 0 0 | 0 5 0 | 2 0 0 |
| 0 0 0 | 0 0 0 | 0 0 0 |
| 0 7 6 | 0 0 8 | 0 0 0 |
+-------+-------+-------+
+-------+-------+-------+
| 8 6 3 | 5 2 1 | 7 9 4 |
| 1 2 7 | 4 9 6 | 8 5 3 |
| 9 5 4 | 3 8 7 | 6 2 1 |
+-------+-------+-------+
| 6 4 5 | 8 3 9 | 1 7 2 |
| 7 3 9 | 1 4 2 | 5 6 8 |
| 2 8 1 | 7 6 5 | 4 3 9 |
+-------+-------+-------+
| 4 9 8 | 6 5 3 | 2 1 7 |
| 5 1 2 | 9 7 4 | 3 8 6 |
| 3 7 6 | 2 1 8 | 9 4 5 |
+-------+-------+-------+
Судоку  12 решена за 0.14824000000000126 сек.

+-------+-------+-------+
| 0 0 5 | 0 0 0 | 9 8 7 |
| 0 4 0 | 0 5 0 | 0 0 1 |
| 0 0 7 | 0 0 0 | 0 0 0 |
+-------+-------+-------+
| 2 0 0 | 0 4 8 | 0 0 0 |
| 0 9 0 | 1 0 0 | 0 0 0 |
| 6 0 0 | 2 0 0 | 0 0 0 |
+-------+-------+-------+
| 3 0 0 | 6 0 0 | 2 0 0 |
| 0 0 0 | 0 0 9 | 0 7 0 |
| 0 0 0 | 0 0 0 | 5 0 0 |
+-------+-------+-------+
+-------+-------+-------+
| 1 3 5 | 4 2 6 | 9 8 7 |
| 8 4 6 | 9 5 7 | 3 2 1 |
| 9 2 7 | 3 8 1 | 4 6 5 |
+-------+-------+-------+
| 2 1 3 | 7 4 8 | 6 5 9 |
| 5 9 8 | 1 6 3 | 7 4 2 |
| 6 7 4 | 2 9 5 | 8 1 3 |
+-------+-------+-------+
| 3 5 1 | 6 7 4 | 2 9 8 |
| 4 8 2 | 5 3 9 | 1 7 6 |
| 7 6 9 | 8 1 2 | 5 3 4 |
+-------+-------+-------+
Судоку  13 решена за 0.23443299999999567 сек.

+-------+-------+-------+
| 3 0 6 | 0 7 0 | 0 0 0 |
| 0 0 0 | 0 0 0 | 0 5 1 |
| 8 0 0 | 0 0 0 | 0 0 0 |
+-------+-------+-------+
| 0 1 0 | 4 0 5 | 0 0 0 |
| 7 0 0 | 0 0 0 | 6 0 0 |
| 0 0 0 | 2 0 0 | 0 0 0 |
+-------+-------+-------+
| 0 2 0 | 0 0 0 | 0 4 0 |
| 0 0 0 | 0 8 0 | 3 0 0 |
| 0 0 0 | 5 0 0 | 0 0 0 |
+-------+-------+-------+
+-------+-------+-------+
| 3 5 6 | 8 7 1 | 2 9 4 |
| 9 7 2 | 6 4 3 | 8 5 1 |
| 8 4 1 | 9 5 2 | 7 3 6 |
+-------+-------+-------+
| 2 1 3 | 4 6 5 | 9 8 7 |
| 7 9 4 | 3 1 8 | 6 2 5 |
| 6 8 5 | 2 9 7 | 4 1 3 |
+-------+-------+-------+
| 1 2 8 | 7 3 6 | 5 4 9 |
| 5 6 9 | 1 8 4 | 3 7 2 |
| 4 3 7 | 5 2 9 | 1 6 8 |
+-------+-------+-------+
Судоку  14 решена за 2.905776000000003 сек.

+-------+-------+-------+
| 1 0 0 | 0 0 0 | 3 0 8 |
| 0 7 0 | 4 0 0 | 0 0 0 |
| 0 0 0 | 0 0 0 | 0 0 0 |
+-------+-------+-------+
| 2 0 3 | 0 1 0 | 0 0 0 |
| 0 0 0 | 0 0 0 | 0 9 5 |
| 8 0 0 | 0 0 0 | 0 0 0 |
+-------+-------+-------+
| 0 5 0 | 6 0 0 | 0 7 0 |
| 0 0 0 | 0 8 0 | 2 0 0 |
| 0 4 0 | 0 0 0 | 0 0 0 |
+-------+-------+-------+
+-------+-------+-------+
| 1 2 9 | 5 7 6 | 3 4 8 |
| 3 7 6 | 4 2 8 | 5 1 9 |
| 5 8 4 | 3 9 1 | 6 2 7 |
+-------+-------+-------+
| 2 9 3 | 8 1 5 | 7 6 4 |
| 4 1 7 | 2 6 3 | 8 9 5 |
| 8 6 5 | 7 4 9 | 1 3 2 |
+-------+-------+-------+
| 9 5 8 | 6 3 2 | 4 7 1 |
| 7 3 1 | 9 8 4 | 2 5 6 |
| 6 4 2 | 1 5 7 | 9 8 3 |
+-------+-------+-------+
Судоку  15 решена за 0.3417559999999895 сек.

+-------+-------+-------+
| 6 0 0 | 3 0 2 | 0 0 0 |
| 0 4 0 | 0 0 0 | 0 1 0 |
| 0 0 0 | 0 0 0 | 0 0 0 |
+-------+-------+-------+
| 7 0 2 | 6 0 0 | 0 0 0 |
| 0 0 0 | 0 0 0 | 0 5 4 |
| 3 0 0 | 0 0 0 | 0 0 0 |
+-------+-------+-------+
| 0 8 0 | 1 5 0 | 0 0 0 |
| 0 0 0 | 0 4 0 | 2 0 0 |
| 0 0 0 | 0 0 0 | 7 0 0 |
+-------+-------+-------+
+-------+-------+-------+
| 6 1 5 | 3 8 2 | 4 7 9 |
| 9 4 3 | 7 6 5 | 8 1 2 |
| 8 2 7 | 4 9 1 | 5 3 6 |
+-------+-------+-------+
| 7 5 2 | 6 3 4 | 1 9 8 |
| 1 6 8 | 2 7 9 | 3 5 4 |
| 3 9 4 | 5 1 8 | 6 2 7 |
+-------+-------+-------+
| 2 8 6 | 1 5 7 | 9 4 3 |
| 5 7 9 | 8 4 3 | 2 6 1 |
| 4 3 1 | 9 2 6 | 7 8 5 |
+-------+-------+-------+
Судоку  16 решена за 1.6154489999999981 сек.

+-------+-------+-------+
| 0 0 0 | 0 3 0 | 0 9 0 |
| 0 0 0 | 2 0 0 | 0 0 1 |
| 0 5 0 | 9 0 0 | 0 0 0 |
+-------+-------+-------+
| 0 0 0 | 0 0 0 | 0 0 0 |
| 1 0 2 | 0 8 0 | 4 0 6 |
| 0 8 0 | 5 0 0 | 0 2 0 |
+-------+-------+-------+
| 0 7 5 | 0 0 0 | 0 0 0 |
| 4 0 1 | 0 0 6 | 0 0 3 |
| 0 0 0 | 0 0 4 | 0 6 0 |
+-------+-------+-------+
+-------+-------+-------+
| 7 1 8 | 4 3 5 | 6 9 2 |
| 9 6 3 | 2 7 8 | 5 4 1 |
| 2 5 4 | 9 6 1 | 3 7 8 |
+-------+-------+-------+
| 5 4 7 | 6 1 2 | 8 3 9 |
| 1 9 2 | 3 8 7 | 4 5 6 |
| 3 8 6 | 5 4 9 | 1 2 7 |
+-------+-------+-------+
| 6 7 5 | 8 9 3 | 2 1 4 |
| 4 2 1 | 7 5 6 | 9 8 3 |
| 8 3 9 | 1 2 4 | 7 6 5 |
+-------+-------+-------+
Судоку  17 решена за 0.10557400000000428 сек.

+-------+-------+-------+
| 4 5 0 | 0 0 0 | 0 3 0 |
| 0 0 0 | 8 0 1 | 0 0 0 |
| 0 9 0 | 0 0 0 | 0 0 0 |
+-------+-------+-------+
| 0 0 0 | 0 5 0 | 0 9 0 |
| 2 0 0 | 7 0 0 | 0 0 0 |
| 8 0 0 | 0 0 0 | 0 0 0 |
+-------+-------+-------+
| 0 1 0 | 0 4 0 | 0 0 0 |
| 0 0 0 | 0 0 0 | 7 0 2 |
| 0 0 0 | 6 0 0 | 8 0 0 |
+-------+-------+-------+
+-------+-------+-------+
| 4 5 8 | 2 7 6 | 9 3 1 |
| 6 2 3 | 8 9 1 | 4 7 5 |
| 1 9 7 | 5 3 4 | 2 8 6 |
+-------+-------+-------+
| 3 7 1 | 4 5 2 | 6 9 8 |
| 2 6 9 | 7 8 3 | 1 5 4 |
| 8 4 5 | 1 6 9 | 3 2 7 |
+-------+-------+-------+
| 7 1 2 | 9 4 8 | 5 6 3 |
| 9 8 6 | 3 1 5 | 7 4 2 |
| 5 3 4 | 6 2 7 | 8 1 9 |
+-------+-------+-------+
Судоку  18 решена за 8.014691999999997 сек.

+-------+-------+-------+
| 0 2 3 | 7 0 0 | 0 0 6 |
| 8 0 0 | 0 6 0 | 5 9 0 |
| 9 0 0 | 0 0 0 | 7 0 0 |
+-------+-------+-------+
| 0 0 0 | 0 4 0 | 9 7 0 |
| 3 0 7 | 0 9 6 | 0 0 2 |
| 0 0 0 | 0 0 0 | 0 0 0 |
+-------+-------+-------+
| 5 0 0 | 4 7 0 | 0 0 0 |
| 0 0 0 | 0 0 2 | 0 0 0 |
| 0 8 0 | 0 0 0 | 0 0 0 |
+-------+-------+-------+
+-------+-------+-------+
| 1 2 3 | 7 5 9 | 4 8 6 |
| 8 7 4 | 2 6 1 | 5 9 3 |
| 9 6 5 | 3 8 4 | 7 2 1 |
+-------+-------+-------+
| 2 1 6 | 5 4 3 | 9 7 8 |
| 3 5 7 | 8 9 6 | 1 4 2 |
| 4 9 8 | 1 2 7 | 3 6 5 |
+-------+-------+-------+
| 5 3 2 | 4 7 8 | 6 1 9 |
| 6 4 1 | 9 3 2 | 8 5 7 |
| 7 8 9 | 6 1 5 | 2 3 4 |
+-------+-------+-------+
Судоку  19 решена за 0.012503000000009479 сек.

+-------+-------+-------+
| 0 0 8 | 4 0 0 | 0 3 0 |
| 0 0 0 | 3 0 0 | 0 0 0 |
| 9 0 0 | 0 0 1 | 5 7 4 |
+-------+-------+-------+
| 7 9 0 | 0 0 8 | 0 0 0 |
| 0 0 0 | 0 0 7 | 0 0 5 |
| 1 4 0 | 0 0 0 | 0 2 0 |
+-------+-------+-------+
| 0 0 9 | 0 6 0 | 0 0 2 |
| 0 5 0 | 0 0 0 | 4 0 0 |
| 0 0 0 | 0 9 0 | 0 5 6 |
+-------+-------+-------+
+-------+-------+-------+
| 5 1 8 | 4 7 6 | 2 3 9 |
| 4 2 7 | 3 5 9 | 6 1 8 |
| 9 6 3 | 8 2 1 | 5 7 4 |
+-------+-------+-------+
| 7 9 5 | 2 4 8 | 3 6 1 |
| 8 3 2 | 6 1 7 | 9 4 5 |
| 1 4 6 | 9 3 5 | 8 2 7 |
+-------+-------+-------+
| 3 7 9 | 5 6 4 | 1 8 2 |
| 6 5 1 | 7 8 2 | 4 9 3 |
| 2 8 4 | 1 9 3 | 7 5 6 |
+-------+-------+-------+
Судоку  20 решена за 0.17941299999999671 сек.

+-------+-------+-------+
| 0 9 8 | 0 1 0 | 0 0 0 |
| 2 0 0 | 0 0 0 | 0 6 0 |
| 0 0 0 | 0 0 0 | 0 0 0 |
+-------+-------+-------+
| 0 0 0 | 3 0 2 | 0 5 0 |
| 0 8 4 | 0 0 0 | 0 0 0 |
| 0 0 0 | 6 0 0 | 0 0 0 |
+-------+-------+-------+
| 0 0 0 | 0 4 0 | 8 0 9 |
| 3 0 0 | 5 0 0 | 0 0 0 |
| 0 0 0 | 0 0 0 | 1 0 0 |
+-------+-------+-------+
+-------+-------+-------+
| 4 9 8 | 7 1 6 | 5 2 3 |
| 2 5 7 | 8 3 9 | 4 6 1 |
| 1 3 6 | 4 2 5 | 9 8 7 |
+-------+-------+-------+
| 9 7 1 | 3 8 2 | 6 5 4 |
| 6 8 4 | 1 5 7 | 3 9 2 |
| 5 2 3 | 6 9 4 | 7 1 8 |
+-------+-------+-------+
| 7 6 5 | 2 4 1 | 8 3 9 |
| 3 1 9 | 5 7 8 | 2 4 6 |
| 8 4 2 | 9 6 3 | 1 7 5 |
+-------+-------+-------+
Судоку  21 решена за 14.394601000000009 сек.

+-------+-------+-------+
| 0 0 2 | 4 7 0 | 0 5 8 |
| 0 0 0 | 0 0 0 | 0 0 0 |
| 0 0 0 | 0 0 1 | 0 4 0 |
+-------+-------+-------+
| 0 0 0 | 0 2 0 | 0 0 9 |
| 5 2 8 | 0 9 0 | 4 0 0 |
| 0 0 9 | 0 0 0 | 1 0 0 |
+-------+-------+-------+
| 0 0 0 | 0 0 0 | 0 3 0 |
| 3 0 0 | 0 0 7 | 5 0 0 |
| 6 8 5 | 0 0 2 | 0 0 0 |
+-------+-------+-------+
+-------+-------+-------+
| 1 3 2 | 4 7 9 | 6 5 8 |
| 8 4 7 | 5 6 3 | 2 9 1 |
| 9 5 6 | 2 8 1 | 3 4 7 |
+-------+-------+-------+
| 4 1 3 | 7 2 5 | 8 6 9 |
| 5 2 8 | 1 9 6 | 4 7 3 |
| 7 6 9 | 3 4 8 | 1 2 5 |
+-------+-------+-------+
| 2 7 1 | 8 5 4 | 9 3 6 |
| 3 9 4 | 6 1 7 | 5 8 2 |
| 6 8 5 | 9 3 2 | 7 1 4 |
+-------+-------+-------+
Судоку  22 решена за 0.02554400000001067 сек.

+-------+-------+-------+
| 4 0 0 | 0 0 0 | 8 0 5 |
| 0 3 0 | 0 0 0 | 0 0 0 |
| 0 0 0 | 7 0 0 | 0 0 0 |
+-------+-------+-------+
| 0 2 0 | 0 0 0 | 0 6 0 |
| 0 0 0 | 0 5 0 | 4 0 0 |
| 0 0 0 | 0 1 0 | 0 0 0 |
+-------+-------+-------+
| 0 0 0 | 6 0 3 | 0 7 0 |
| 5 0 0 | 2 0 0 | 0 0 0 |
| 1 0 9 | 0 0 0 | 0 0 0 |
+-------+-------+-------+
+-------+-------+-------+
| 4 1 7 | 3 6 9 | 8 2 5 |
| 6 3 8 | 1 2 5 | 9 4 7 |
| 9 5 2 | 7 4 8 | 3 1 6 |
+-------+-------+-------+
| 8 2 5 | 4 3 7 | 1 6 9 |
| 7 9 1 | 8 5 6 | 4 3 2 |
| 3 4 6 | 9 1 2 | 7 5 8 |
+-------+-------+-------+
| 2 8 4 | 6 9 3 | 5 7 1 |
| 5 7 3 | 2 8 1 | 6 9 4 |
| 1 6 9 | 5 7 4 | 2 8 3 |
+-------+-------+-------+
Судоку  23 решена за 0.28319199999999967 сек.

+-------+-------+-------+
| 0 2 0 | 3 0 0 | 0 0 0 |
| 0 6 3 | 0 0 0 | 0 0 5 |
| 8 0 0 | 0 0 0 | 0 0 1 |
+-------+-------+-------+
| 5 0 0 | 0 0 9 | 0 3 0 |
| 0 0 0 | 7 0 0 | 0 0 0 |
| 0 0 0 | 1 0 0 | 0 0 8 |
+-------+-------+-------+
| 0 8 7 | 9 0 0 | 2 6 0 |
| 0 0 0 | 0 0 6 | 0 7 0 |
| 0 0 6 | 0 0 7 | 0 0 4 |
+-------+-------+-------+
+-------+-------+-------+
| 9 2 5 | 3 7 1 | 4 8 6 |
| 1 6 3 | 4 9 8 | 7 2 5 |
| 8 7 4 | 5 6 2 | 3 9 1 |
+-------+-------+-------+
| 5 4 2 | 6 8 9 | 1 3 7 |
| 6 1 8 | 7 5 3 | 9 4 2 |
| 7 3 9 | 1 2 4 | 6 5 8 |
+-------+-------+-------+
| 4 8 7 | 9 1 5 | 2 6 3 |
| 3 5 1 | 2 4 6 | 8 7 9 |
| 2 9 6 | 8 3 7 | 5 1 4 |
+-------+-------+-------+
Судоку  24 решена за 0.2259650000000022 сек.

+-------+-------+-------+
| 1 0 0 | 0 0 0 | 7 0 9 |
| 0 4 0 | 0 0 7 | 2 0 0 |
| 8 0 0 | 0 0 0 | 0 0 0 |
+-------+-------+-------+
| 0 7 0 | 0 1 0 | 0 6 0 |
| 3 0 0 | 0 0 0 | 0 0 5 |
| 0 6 0 | 0 4 0 | 0 2 0 |
+-------+-------+-------+
| 0 0 0 | 0 0 0 | 0 0 8 |
| 0 0 5 | 3 0 0 | 0 7 0 |
| 7 0 2 | 0 0 0 | 0 4 6 |
+-------+-------+-------+
+-------+-------+-------+
| 1 2 3 | 4 5 6 | 7 8 9 |
| 6 4 9 | 8 3 7 | 2 5 1 |
| 8 5 7 | 2 9 1 | 6 3 4 |
+-------+-------+-------+
| 2 7 4 | 5 1 8 | 9 6 3 |
| 3 9 8 | 6 7 2 | 4 1 5 |
| 5 6 1 | 9 4 3 | 8 2 7 |
+-------+-------+-------+
| 4 1 6 | 7 2 5 | 3 9 8 |
| 9 8 5 | 3 6 4 | 1 7 2 |
| 7 3 2 | 1 8 9 | 5 4 6 |
+-------+-------+-------+
Судоку  25 решена за 0.11800599999999406 сек.

+-------+-------+-------+
| 4 0 0 | 0 0 0 | 3 0 0 |
| 0 0 0 | 8 0 2 | 0 0 0 |
| 0 0 0 | 7 0 0 | 0 0 0 |
+-------+-------+-------+
| 0 0 0 | 1 0 0 | 0 8 7 |
| 3 4 0 | 0 0 0 | 0 0 0 |
| 6 0 0 | 0 0 0 | 0 0 0 |
+-------+-------+-------+
| 5 0 0 | 0 6 0 | 0 0 0 |
| 0 0 0 | 0 1 0 | 4 0 0 |
| 0 8 2 | 0 0 0 | 0 0 0 |
+-------+-------+-------+
+-------+-------+-------+
| 4 7 5 | 6 9 1 | 3 2 8 |
| 9 6 1 | 8 3 2 | 7 4 5 |
| 8 2 3 | 7 5 4 | 1 9 6 |
+-------+-------+-------+
| 2 5 9 | 1 4 3 | 6 8 7 |
| 3 4 7 | 5 8 6 | 2 1 9 |
| 6 1 8 | 9 2 7 | 5 3 4 |
+-------+-------+-------+
| 5 3 4 | 2 6 9 | 8 7 1 |
| 7 9 6 | 3 1 8 | 4 5 2 |
| 1 8 2 | 4 7 5 | 9 6 3 |
+-------+-------+-------+
Судоку  26 решена за 0.8975480000000005 сек.

+-------+-------+-------+
| 0 0 0 | 0 0 0 | 0 7 1 |
| 0 2 0 | 8 0 0 | 0 0 0 |
| 0 0 0 | 4 0 3 | 0 0 0 |
+-------+-------+-------+
| 7 0 0 | 0 6 0 | 0 5 0 |
| 0 0 0 | 2 0 0 | 3 0 0 |
| 9 0 0 | 0 0 0 | 0 0 0 |
+-------+-------+-------+
| 6 0 0 | 0 7 0 | 0 0 0 |
| 0 8 0 | 0 0 0 | 4 0 0 |
| 0 0 0 | 0 5 0 | 0 0 0 |
+-------+-------+-------+
+-------+-------+-------+
| 3 4 9 | 5 2 6 | 8 7 1 |
| 5 2 1 | 8 9 7 | 6 4 3 |
| 8 7 6 | 4 1 3 | 5 2 9 |
+-------+-------+-------+
| 7 1 8 | 3 6 9 | 2 5 4 |
| 4 6 5 | 2 8 1 | 3 9 7 |
| 9 3 2 | 7 4 5 | 1 8 6 |
+-------+-------+-------+
| 6 5 4 | 1 7 8 | 9 3 2 |
| 1 8 7 | 9 3 2 | 4 6 5 |
| 2 9 3 | 6 5 4 | 7 1 8 |
+-------+-------+-------+
Судоку  27 решена за 0.7292310000000128 сек.

+-------+-------+-------+
| 6 0 0 | 3 0 2 | 0 0 0 |
| 0 4 0 | 0 0 0 | 0 8 0 |
| 0 0 0 | 0 0 0 | 0 0 0 |
+-------+-------+-------+
| 7 0 2 | 6 0 0 | 0 0 0 |
| 0 0 0 | 0 0 0 | 0 5 4 |
| 3 0 0 | 0 0 0 | 0 0 0 |
+-------+-------+-------+
| 0 8 0 | 1 5 0 | 0 0 0 |
| 0 0 0 | 0 8 0 | 2 0 0 |
| 0 0 0 | 0 0 0 | 7 0 0 |
+-------+-------+-------+
+-------+-------+-------+
| 6 1 8 | 3 4 2 | 5 7 9 |
| 9 4 3 | 7 6 5 | 1 8 2 |
| 5 2 7 | 8 9 1 | 4 3 6 |
+-------+-------+-------+
| 7 5 2 | 6 3 4 | 8 9 1 |
| 8 6 1 | 2 7 9 | 3 5 4 |
| 3 9 4 | 5 1 8 | 6 2 7 |
+-------+-------+-------+
| 2 8 6 | 1 5 7 | 9 4 3 |
| 1 7 9 | 4 8 3 | 2 6 5 |
| 4 3 5 | 9 2 6 | 7 1 8 |
+-------+-------+-------+
Судоку  28 решена за 20.435187 сек.

+-------+-------+-------+
| 0 4 7 | 0 8 0 | 0 0 1 |
| 0 0 0 | 0 0 0 | 0 0 0 |
| 0 0 0 | 6 0 0 | 7 0 0 |
+-------+-------+-------+
| 6 0 0 | 0 0 3 | 5 7 0 |
| 0 0 0 | 0 0 5 | 0 0 0 |
| 0 1 0 | 0 6 0 | 0 0 0 |
+-------+-------+-------+
| 2 8 0 | 0 4 0 | 0 0 0 |
| 0 9 0 | 1 0 0 | 0 4 0 |
| 0 0 0 | 0 2 0 | 6 9 0 |
+-------+-------+-------+
+-------+-------+-------+
| 9 4 7 | 5 8 2 | 3 6 1 |
| 8 6 3 | 4 7 1 | 9 5 2 |
| 1 5 2 | 6 3 9 | 7 8 4 |
+-------+-------+-------+
| 6 2 4 | 8 1 3 | 5 7 9 |
| 7 3 8 | 2 9 5 | 4 1 6 |
| 5 1 9 | 7 6 4 | 8 2 3 |
+-------+-------+-------+
| 2 8 5 | 9 4 6 | 1 3 7 |
| 3 9 6 | 1 5 7 | 2 4 8 |
| 4 7 1 | 3 2 8 | 6 9 5 |
+-------+-------+-------+
Судоку  29 решена за 0.06630800000000647 сек.

+-------+-------+-------+
| 0 0 0 | 0 0 0 | 8 0 1 |
| 7 0 0 | 2 0 0 | 0 0 0 |
| 0 0 0 | 5 0 6 | 0 0 0 |
+-------+-------+-------+
| 0 0 0 | 7 0 0 | 0 5 0 |
| 0 1 0 | 0 0 0 | 3 0 0 |
| 0 8 0 | 0 0 0 | 0 0 0 |
+-------+-------+-------+
| 5 0 0 | 0 0 0 | 0 2 0 |
| 0 4 0 | 0 8 0 | 0 0 0 |
| 6 0 0 | 0 3 0 | 0 0 0 |
+-------+-------+-------+
+-------+-------+-------+
| 2 5 4 | 3 7 9 | 8 6 1 |
| 7 6 1 | 2 4 8 | 5 9 3 |
| 8 9 3 | 5 1 6 | 7 4 2 |
+-------+-------+-------+
| 3 2 6 | 7 9 1 | 4 5 8 |
| 9 1 5 | 8 2 4 | 3 7 6 |
| 4 8 7 | 6 5 3 | 2 1 9 |
+-------+-------+-------+
| 5 3 8 | 1 6 7 | 9 2 4 |
| 1 4 2 | 9 8 5 | 6 3 7 |
| 6 7 9 | 4 3 2 | 1 8 5 |
+-------+-------+-------+
Судоку  30 решена за 0.3924329999999969 сек.

+-------+-------+-------+
| 3 8 0 | 6 0 0 | 0 0 0 |
| 0 0 9 | 0 0 0 | 0 0 0 |
| 0 2 0 | 0 3 0 | 5 1 0 |
+-------+-------+-------+
| 0 0 0 | 0 0 5 | 0 0 0 |
| 0 3 0 | 0 1 0 | 0 6 0 |
| 0 0 0 | 4 0 0 | 0 0 0 |
+-------+-------+-------+
| 0 1 7 | 0 5 0 | 0 8 0 |
| 0 0 0 | 0 0 0 | 9 0 0 |
| 0 0 0 | 0 0 7 | 0 3 2 |
+-------+-------+-------+
+-------+-------+-------+
| 3 8 5 | 6 2 1 | 4 9 7 |
| 1 7 9 | 5 8 4 | 3 2 6 |
| 4 2 6 | 7 3 9 | 5 1 8 |
+-------+-------+-------+
| 7 6 2 | 3 9 5 | 8 4 1 |
| 5 3 4 | 8 1 2 | 7 6 9 |
| 8 9 1 | 4 7 6 | 2 5 3 |
+-------+-------+-------+
| 9 1 7 | 2 5 3 | 6 8 4 |
| 2 4 3 | 1 6 8 | 9 7 5 |
| 6 5 8 | 9 4 7 | 1 3 2 |
+-------+-------+-------+
Судоку  31 решена за 0.16206099999999424 сек.

+-------+-------+-------+
| 0 0 0 | 5 0 0 | 0 0 0 |
| 0 0 0 | 0 0 0 | 5 0 6 |
| 9 7 0 | 0 0 0 | 0 2 0 |
+-------+-------+-------+
| 0 0 4 | 8 0 2 | 0 0 0 |
| 2 5 0 | 1 0 0 | 0 3 0 |
| 0 8 0 | 0 3 0 | 0 0 0 |
+-------+-------+-------+
| 0 0 0 | 0 0 4 | 0 7 0 |
| 0 1 3 | 0 5 0 | 0 9 0 |
| 0 2 0 | 0 0 3 | 1 0 0 |
+-------+-------+-------+
+-------+-------+-------+
| 8 3 6 | 5 2 1 | 9 4 7 |
| 1 4 2 | 3 7 9 | 5 8 6 |
| 9 7 5 | 6 4 8 | 3 2 1 |
+-------+-------+-------+
| 3 6 4 | 8 9 2 | 7 1 5 |
| 2 5 9 | 1 6 7 | 4 3 8 |
| 7 8 1 | 4 3 5 | 2 6 9 |
+-------+-------+-------+
| 5 9 8 | 2 1 4 | 6 7 3 |
| 4 1 3 | 7 5 6 | 8 9 2 |
| 6 2 7 | 9 8 3 | 1 5 4 |
+-------+-------+-------+
Судоку  32 решена за 0.06366599999999778 сек.

+-------+-------+-------+
| 0 2 0 | 0 0 0 | 0 0 0 |
| 3 0 5 | 0 6 2 | 0 0 9 |
| 0 6 8 | 0 0 0 | 3 0 0 |
+-------+-------+-------+
| 0 5 0 | 0 0 0 | 0 0 0 |
| 0 0 0 | 6 4 0 | 8 0 2 |
| 0 0 4 | 7 0 0 | 9 0 0 |
+-------+-------+-------+
| 0 0 3 | 0 0 0 | 0 0 1 |
| 0 0 0 | 0 0 6 | 0 0 0 |
| 1 7 0 | 4 3 0 | 0 0 0 |
+-------+-------+-------+
+-------+-------+-------+
| 4 2 7 | 5 9 3 | 1 8 6 |
| 3 1 5 | 8 6 2 | 4 7 9 |
| 9 6 8 | 1 7 4 | 3 2 5 |
+-------+-------+-------+
| 6 5 9 | 3 2 8 | 7 1 4 |
| 7 3 1 | 6 4 9 | 8 5 2 |
| 2 8 4 | 7 5 1 | 9 6 3 |
+-------+-------+-------+
| 5 9 3 | 2 8 7 | 6 4 1 |
| 8 4 2 | 9 1 6 | 5 3 7 |
| 1 7 6 | 4 3 5 | 2 9 8 |
+-------+-------+-------+
Судоку  33 решена за 0.024736999999987574 сек.

+-------+-------+-------+
| 0 8 0 | 0 4 0 | 0 0 0 |
| 3 0 0 | 0 0 0 | 0 1 0 |
| 0 0 0 | 0 0 0 | 0 2 0 |
+-------+-------+-------+
| 0 0 5 | 0 0 0 | 4 0 6 |
| 9 0 0 | 1 0 0 | 8 0 0 |
| 2 0 0 | 0 0 0 | 0 0 0 |
+-------+-------+-------+
| 0 0 0 | 3 0 9 | 0 0 0 |
| 0 6 0 | 0 0 0 | 5 0 0 |
| 0 0 0 | 2 0 0 | 0 0 0 |
+-------+-------+-------+
+-------+-------+-------+
| 7 8 1 | 9 4 2 | 3 6 5 |
| 3 2 4 | 5 7 6 | 9 1 8 |
| 6 5 9 | 8 3 1 | 7 2 4 |
+-------+-------+-------+
| 8 1 5 | 7 2 3 | 4 9 6 |
| 9 3 6 | 1 5 4 | 8 7 2 |
| 2 4 7 | 6 9 8 | 1 5 3 |
+-------+-------+-------+
| 5 7 8 | 3 6 9 | 2 4 1 |
| 1 6 2 | 4 8 7 | 5 3 9 |
| 4 9 3 | 2 1 5 | 6 8 7 |
+-------+-------+-------+
Судоку  34 решена за 13.180332000000007 сек.

+-------+-------+-------+
| 0 0 8 | 0 9 0 | 1 0 0 |
| 0 6 0 | 5 0 0 | 0 2 0 |
| 0 0 0 | 0 0 6 | 0 0 0 |
+-------+-------+-------+
| 0 3 0 | 1 0 7 | 0 5 0 |
| 0 0 0 | 0 0 0 | 0 0 9 |
| 0 0 4 | 0 0 0 | 3 0 0 |
+-------+-------+-------+
| 0 5 0 | 0 0 0 | 2 0 0 |
| 0 7 0 | 0 0 3 | 0 8 0 |
| 2 0 0 | 7 0 0 | 0 0 4 |
+-------+-------+-------+
+-------+-------+-------+
| 7 4 8 | 3 9 2 | 1 6 5 |
| 3 6 9 | 5 1 4 | 7 2 8 |
| 1 2 5 | 8 7 6 | 9 4 3 |
+-------+-------+-------+
| 9 3 2 | 1 4 7 | 8 5 6 |
| 6 8 7 | 2 3 5 | 4 1 9 |
| 5 1 4 | 6 8 9 | 3 7 2 |
+-------+-------+-------+
| 8 5 3 | 4 6 1 | 2 9 7 |
| 4 7 6 | 9 2 3 | 5 8 1 |
| 2 9 1 | 7 5 8 | 6 3 4 |
+-------+-------+-------+
Судоку  35 решена за 0.8411670000000129 сек.

+-------+-------+-------+
| 4 0 0 | 0 0 0 | 5 0 8 |
| 0 3 0 | 0 0 0 | 0 0 0 |
| 0 0 0 | 7 0 0 | 0 0 0 |
+-------+-------+-------+
| 0 2 0 | 0 0 0 | 0 6 0 |
| 0 0 0 | 0 5 0 | 8 0 0 |
| 0 0 0 | 0 1 0 | 0 0 0 |
+-------+-------+-------+
| 0 0 0 | 6 0 3 | 0 7 0 |
| 5 0 0 | 2 0 0 | 0 0 0 |
| 1 0 8 | 0 0 0 | 0 0 0 |
+-------+-------+-------+
+-------+-------+-------+
| 4 1 7 | 3 6 9 | 5 2 8 |
| 8 3 9 | 1 2 5 | 7 4 6 |
| 6 5 2 | 7 4 8 | 3 1 9 |
+-------+-------+-------+
| 9 2 5 | 8 3 7 | 4 6 1 |
| 7 4 1 | 9 5 6 | 8 3 2 |
| 3 8 6 | 4 1 2 | 9 5 7 |
+-------+-------+-------+
| 2 9 4 | 6 8 3 | 1 7 5 |
| 5 7 3 | 2 9 1 | 6 8 4 |
| 1 6 8 | 5 7 4 | 2 9 3 |
+-------+-------+-------+
Судоку  36 решена за 0.1978560000000016 сек.

+-------+-------+-------+
| 1 0 0 | 0 0 0 | 3 0 8 |
| 0 6 0 | 4 0 0 | 0 0 0 |
| 0 0 0 | 0 0 0 | 0 0 0 |
+-------+-------+-------+
| 2 0 3 | 0 1 0 | 0 0 0 |
| 0 0 0 | 0 0 0 | 0 9 5 |
| 8 0 0 | 0 0 0 | 0 0 0 |
+-------+-------+-------+
| 0 5 0 | 6 0 0 | 0 7 0 |
| 0 0 0 | 0 8 0 | 2 0 0 |
| 0 4 0 | 0 0 0 | 0 0 0 |
+-------+-------+-------+
+-------+-------+-------+
| 1 2 4 | 5 9 7 | 3 6 8 |
| 3 6 9 | 4 2 8 | 5 1 7 |
| 5 8 7 | 3 6 1 | 9 2 4 |
+-------+-------+-------+
| 2 9 3 | 8 1 5 | 7 4 6 |
| 4 1 6 | 2 7 3 | 8 9 5 |
| 8 7 5 | 9 4 6 | 1 3 2 |
+-------+-------+-------+
| 9 5 8 | 6 3 2 | 4 7 1 |
| 6 3 1 | 7 8 4 | 2 5 9 |
| 7 4 2 | 1 5 9 | 6 8 3 |
+-------+-------+-------+
Судоку  37 решена за 0.5468840000000057 сек.

+-------+-------+-------+
| 1 0 0 | 0 0 6 | 0 8 0 |
| 0 6 4 | 0 0 0 | 0 0 0 |
| 0 0 0 | 0 4 0 | 0 0 7 |
+-------+-------+-------+
| 0 0 0 | 0 9 0 | 6 0 0 |
| 0 7 0 | 4 0 0 | 5 0 0 |
| 5 0 0 | 0 7 0 | 1 0 0 |
+-------+-------+-------+
| 0 5 0 | 0 0 0 | 3 2 0 |
| 3 0 0 | 0 0 8 | 0 0 0 |
| 4 0 0 | 0 0 0 | 0 0 0 |
+-------+-------+-------+
+-------+-------+-------+
| 1 3 7 | 9 2 6 | 4 8 5 |
| 9 6 4 | 5 8 7 | 2 3 1 |
| 8 2 5 | 3 4 1 | 9 6 7 |
+-------+-------+-------+
| 2 4 1 | 8 9 5 | 6 7 3 |
| 6 7 3 | 4 1 2 | 5 9 8 |
| 5 8 9 | 6 7 3 | 1 4 2 |
+-------+-------+-------+
| 7 5 8 | 1 6 4 | 3 2 9 |
| 3 9 6 | 2 5 8 | 7 1 4 |
| 4 1 2 | 7 3 9 | 8 5 6 |
+-------+-------+-------+
Судоку  38 решена за 0.18700999999998658 сек.

+-------+-------+-------+
| 2 4 9 | 0 6 0 | 0 0 3 |
| 0 3 0 | 0 0 0 | 2 0 0 |
| 8 0 0 | 0 0 0 | 0 0 5 |
+-------+-------+-------+
| 0 0 0 | 0 0 6 | 0 0 0 |
| 0 0 0 | 2 0 0 | 0 0 0 |
| 0 1 0 | 0 4 0 | 8 2 0 |
+-------+-------+-------+
| 0 9 0 | 5 0 0 | 7 0 0 |
| 0 0 4 | 0 0 0 | 0 0 1 |
| 0 7 0 | 0 0 3 | 0 0 0 |
+-------+-------+-------+
+-------+-------+-------+
| 2 4 9 | 8 6 5 | 1 7 3 |
| 5 3 1 | 9 7 4 | 2 6 8 |
| 8 6 7 | 1 3 2 | 4 9 5 |
+-------+-------+-------+
| 4 2 3 | 7 8 6 | 5 1 9 |
| 9 8 6 | 2 5 1 | 3 4 7 |
| 7 1 5 | 3 4 9 | 8 2 6 |
+-------+-------+-------+
| 6 9 2 | 5 1 8 | 7 3 4 |
| 3 5 4 | 6 2 7 | 9 8 1 |
| 1 7 8 | 4 9 3 | 6 5 2 |
+-------+-------+-------+
Судоку  39 решена за 1.0255020000000172 сек.

+-------+-------+-------+
| 0 0 0 | 8 0 0 | 0 0 9 |
| 0 8 7 | 3 0 0 | 0 4 0 |
| 6 0 0 | 7 0 0 | 0 0 0 |
+-------+-------+-------+
| 0 0 8 | 5 0 0 | 9 7 0 |
| 0 0 0 | 0 0 0 | 0 0 0 |
| 0 4 3 | 0 0 7 | 5 0 0 |
+-------+-------+-------+
| 0 0 0 | 0 0 3 | 0 0 0 |
| 0 3 0 | 0 0 1 | 4 5 0 |
| 4 0 0 | 0 0 2 | 0 0 1 |
+-------+-------+-------+
+-------+-------+-------+
| 3 5 1 | 8 4 6 | 7 2 9 |
| 2 8 7 | 3 1 9 | 6 4 5 |
| 6 9 4 | 7 2 5 | 1 8 3 |
+-------+-------+-------+
| 1 6 8 | 5 3 4 | 9 7 2 |
| 7 2 5 | 1 9 8 | 3 6 4 |
| 9 4 3 | 2 6 7 | 5 1 8 |
+-------+-------+-------+
| 5 1 6 | 4 8 3 | 2 9 7 |
| 8 3 2 | 9 7 1 | 4 5 6 |
| 4 7 9 | 6 5 2 | 8 3 1 |
+-------+-------+-------+
Судоку  40 решена за 0.06153800000001297 сек.

+-------+-------+-------+
| 0 0 0 | 5 0 1 | 0 0 0 |
| 0 9 0 | 0 0 0 | 8 0 0 |
| 0 6 0 | 0 0 0 | 0 0 0 |
+-------+-------+-------+
| 4 0 1 | 0 0 0 | 0 0 0 |
| 0 0 0 | 0 7 0 | 0 9 0 |
| 0 0 0 | 0 0 0 | 0 3 0 |
+-------+-------+-------+
| 8 0 0 | 0 0 0 | 1 0 5 |
| 0 0 0 | 2 0 0 | 4 0 0 |
| 0 0 0 | 3 6 0 | 0 0 0 |
+-------+-------+-------+
+-------+-------+-------+
| 7 4 8 | 5 9 1 | 3 2 6 |
| 1 9 5 | 6 2 3 | 8 4 7 |
| 2 6 3 | 4 8 7 | 5 1 9 |
+-------+-------+-------+
| 4 2 1 | 9 3 6 | 7 5 8 |
| 3 5 6 | 8 7 4 | 2 9 1 |
| 9 8 7 | 1 5 2 | 6 3 4 |
+-------+-------+-------+
| 8 3 2 | 7 4 9 | 1 6 5 |
| 6 7 9 | 2 1 5 | 4 8 3 |
| 5 1 4 | 3 6 8 | 9 7 2 |
+-------+-------+-------+
Судоку  41 решена за 2.778123999999991 сек.

+-------+-------+-------+
| 0 0 0 | 0 0 0 | 8 0 1 |
| 6 0 0 | 2 0 0 | 0 0 0 |
| 0 0 0 | 7 0 5 | 0 0 0 |
+-------+-------+-------+
| 0 0 0 | 6 0 0 | 0 2 0 |
| 0 1 0 | 0 0 0 | 3 0 0 |
| 0 8 0 | 0 0 0 | 0 0 0 |
+-------+-------+-------+
| 2 0 0 | 0 0 0 | 0 7 0 |
| 0 3 0 | 0 8 0 | 0 0 0 |
| 5 0 0 | 0 4 0 | 0 0 0 |
+-------+-------+-------+
+-------+-------+-------+
| 7 2 3 | 4 6 9 | 8 5 1 |
| 6 5 1 | 2 3 8 | 7 9 4 |
| 8 9 4 | 7 1 5 | 6 3 2 |
+-------+-------+-------+
| 3 7 5 | 6 9 1 | 4 2 8 |
| 9 1 2 | 8 7 4 | 3 6 5 |
| 4 8 6 | 5 2 3 | 9 1 7 |
+-------+-------+-------+
| 2 4 8 | 3 5 6 | 1 7 9 |
| 1 3 7 | 9 8 2 | 5 4 6 |
| 5 6 9 | 1 4 7 | 2 8 3 |
+-------+-------+-------+
Судоку  42 решена за 1.4693550000000073 сек.

+-------+-------+-------+
| 0 4 7 | 6 0 0 | 0 5 0 |
| 8 0 3 | 0 0 0 | 0 0 2 |
| 0 0 0 | 0 0 9 | 0 0 0 |
+-------+-------+-------+
| 0 0 0 | 8 0 5 | 0 0 6 |
| 0 0 0 | 1 0 0 | 0 0 0 |
| 6 0 2 | 4 0 0 | 0 0 0 |
+-------+-------+-------+
| 0 7 8 | 0 0 0 | 5 1 0 |
| 0 0 6 | 0 0 0 | 0 4 0 |
| 0 9 0 | 0 0 4 | 0 0 7 |
+-------+-------+-------+
+-------+-------+-------+
| 9 4 7 | 6 2 8 | 3 5 1 |
| 8 6 3 | 7 5 1 | 4 9 2 |
| 1 2 5 | 3 4 9 | 6 7 8 |
+-------+-------+-------+
| 7 3 4 | 8 9 5 | 1 2 6 |
| 5 8 9 | 1 6 2 | 7 3 4 |
| 6 1 2 | 4 7 3 | 9 8 5 |
+-------+-------+-------+
| 4 7 8 | 2 3 6 | 5 1 9 |
| 2 5 6 | 9 1 7 | 8 4 3 |
| 3 9 1 | 5 8 4 | 2 6 7 |
+-------+-------+-------+
Судоку  43 решена за 0.7467299999999852 сек.

+-------+-------+-------+
| 0 0 0 | 0 0 7 | 0 9 5 |
| 0 0 0 | 0 0 1 | 0 0 0 |
| 8 6 0 | 0 2 0 | 0 0 0 |
+-------+-------+-------+
| 0 2 0 | 0 7 3 | 0 0 8 |
| 5 0 0 | 0 0 0 | 0 6 0 |
| 0 0 3 | 0 0 4 | 9 0 0 |
+-------+-------+-------+
| 3 0 5 | 0 0 0 | 4 1 7 |
| 2 4 0 | 0 0 0 | 0 0 0 |
| 0 0 0 | 0 0 0 | 0 0 0 |
+-------+-------+-------+
+-------+-------+-------+
| 1 3 2 | 4 6 7 | 8 9 5 |
| 9 5 7 | 3 8 1 | 2 4 6 |
| 8 6 4 | 5 2 9 | 7 3 1 |
+-------+-------+-------+
| 4 2 9 | 6 7 3 | 1 5 8 |
| 5 7 8 | 9 1 2 | 3 6 4 |
| 6 1 3 | 8 5 4 | 9 7 2 |
+-------+-------+-------+
| 3 8 5 | 2 9 6 | 4 1 7 |
| 2 4 1 | 7 3 5 | 6 8 9 |
| 7 9 6 | 1 4 8 | 5 2 3 |
+-------+-------+-------+
Судоку  44 решена за 0.11373000000000388 сек.

+-------+-------+-------+
| 0 4 0 | 5 0 0 | 0 0 0 |
| 8 0 0 | 0 9 0 | 0 3 0 |
| 0 7 6 | 0 2 0 | 0 0 0 |
+-------+-------+-------+
| 0 1 4 | 6 0 0 | 0 0 0 |
| 0 0 0 | 0 0 9 | 0 0 7 |
| 0 0 0 | 0 0 3 | 6 0 0 |
+-------+-------+-------+
| 0 0 1 | 0 0 4 | 0 5 0 |
| 0 6 0 | 0 0 0 | 0 0 3 |
| 0 0 7 | 1 0 0 | 2 0 0 |
+-------+-------+-------+
+-------+-------+-------+
| 1 4 3 | 5 8 7 | 9 6 2 |
| 8 5 2 | 4 9 6 | 7 3 1 |
| 9 7 6 | 3 2 1 | 5 8 4 |
+-------+-------+-------+
| 2 1 4 | 6 7 5 | 3 9 8 |
| 6 3 5 | 8 1 9 | 4 2 7 |
| 7 8 9 | 2 4 3 | 6 1 5 |
+-------+-------+-------+
| 3 2 1 | 7 6 4 | 8 5 9 |
| 4 6 8 | 9 5 2 | 1 7 3 |
| 5 9 7 | 1 3 8 | 2 4 6 |
+-------+-------+-------+
Судоку  45 решена за 0.20848300000000108 сек.

+-------+-------+-------+
| 0 8 3 | 4 0 0 | 0 0 0 |
| 0 0 0 | 0 7 0 | 0 5 0 |
| 0 0 0 | 0 0 0 | 0 0 0 |
+-------+-------+-------+
| 0 4 0 | 1 0 8 | 0 0 0 |
| 0 0 0 | 0 0 0 | 0 2 7 |
| 0 0 0 | 3 0 0 | 0 0 0 |
+-------+-------+-------+
| 2 0 6 | 0 5 0 | 0 0 0 |
| 5 0 0 | 0 0 0 | 8 0 0 |
| 0 0 0 | 0 0 0 | 1 0 0 |
+-------+-------+-------+
+-------+-------+-------+
| 7 8 3 | 4 6 5 | 2 1 9 |
| 4 2 1 | 9 7 3 | 6 5 8 |
| 9 6 5 | 2 8 1 | 7 3 4 |
+-------+-------+-------+
| 3 4 7 | 1 2 8 | 5 9 6 |
| 1 9 8 | 5 4 6 | 3 2 7 |
| 6 5 2 | 3 9 7 | 4 8 1 |
+-------+-------+-------+
| 2 1 6 | 8 5 4 | 9 7 3 |
| 5 3 4 | 7 1 9 | 8 6 2 |
| 8 7 9 | 6 3 2 | 1 4 5 |
+-------+-------+-------+
Судоку  46 решена за 9.793921000000012 сек.

+-------+-------+-------+
| 0 0 9 | 0 0 0 | 0 0 3 |
| 0 0 0 | 0 0 9 | 0 0 0 |
| 7 0 0 | 0 0 0 | 5 0 6 |
+-------+-------+-------+
| 0 0 6 | 5 0 0 | 4 0 0 |
| 0 0 0 | 3 0 0 | 0 0 0 |
| 0 2 8 | 0 0 0 | 0 0 0 |
+-------+-------+-------+
| 3 0 0 | 7 5 0 | 6 0 0 |
| 6 0 0 | 0 0 0 | 0 0 0 |
| 0 0 0 | 1 2 0 | 3 0 8 |
+-------+-------+-------+
+-------+-------+-------+
| 2 1 9 | 6 7 5 | 8 4 3 |
| 8 6 5 | 4 3 9 | 7 2 1 |
| 7 4 3 | 2 8 1 | 5 9 6 |
+-------+-------+-------+
| 9 3 6 | 5 1 2 | 4 8 7 |
| 1 5 7 | 3 4 8 | 9 6 2 |
| 4 2 8 | 9 6 7 | 1 3 5 |
+-------+-------+-------+
| 3 8 2 | 7 5 4 | 6 1 9 |
| 6 7 1 | 8 9 3 | 2 5 4 |
| 5 9 4 | 1 2 6 | 3 7 8 |
+-------+-------+-------+
Судоку  47 решена за 0.5333540000000028 сек.

+-------+-------+-------+
| 0 2 6 | 0 3 9 | 0 0 0 |
| 0 0 0 | 6 0 0 | 0 0 1 |
| 9 0 0 | 0 0 0 | 7 0 0 |
+-------+-------+-------+
| 0 0 0 | 0 0 4 | 0 0 9 |
| 0 5 0 | 0 0 0 | 2 0 0 |
| 0 0 8 | 5 0 0 | 0 0 0 |
+-------+-------+-------+
| 3 0 0 | 2 0 0 | 9 0 0 |
| 4 0 0 | 0 0 7 | 6 2 0 |
| 0 0 0 | 0 0 0 | 0 0 4 |
+-------+-------+-------+
+-------+-------+-------+
| 1 2 6 | 7 3 9 | 8 4 5 |
| 8 4 7 | 6 2 5 | 3 9 1 |
| 9 3 5 | 4 8 1 | 7 6 2 |
+-------+-------+-------+
| 2 1 3 | 8 6 4 | 5 7 9 |
| 6 5 4 | 9 7 3 | 2 1 8 |
| 7 9 8 | 5 1 2 | 4 3 6 |
+-------+-------+-------+
| 3 6 1 | 2 4 8 | 9 5 7 |
| 4 8 9 | 1 5 7 | 6 2 3 |
| 5 7 2 | 3 9 6 | 1 8 4 |
+-------+-------+-------+
Судоку  48 решена за 0.17570900000001188 сек.

+-------+-------+-------+
| 2 0 3 | 0 8 0 | 0 0 0 |
| 8 0 0 | 7 0 0 | 0 0 0 |
| 0 0 0 | 0 0 0 | 1 0 0 |
+-------+-------+-------+
| 0 6 0 | 5 0 7 | 0 0 0 |
| 4 0 0 | 0 0 0 | 0 3 0 |
| 0 0 0 | 1 0 0 | 0 0 0 |
+-------+-------+-------+
| 0 0 0 | 0 0 0 | 0 8 2 |
| 0 5 0 | 0 0 0 | 6 0 0 |
| 0 1 0 | 0 0 0 | 0 0 0 |
+-------+-------+-------+
+-------+-------+-------+
| 2 7 3 | 6 8 1 | 4 9 5 |
| 8 9 1 | 7 5 4 | 2 6 3 |
| 5 4 6 | 3 9 2 | 1 7 8 |
+-------+-------+-------+
| 1 6 9 | 5 3 7 | 8 2 4 |
| 4 8 5 | 2 6 9 | 7 3 1 |
| 3 2 7 | 1 4 8 | 9 5 6 |
+-------+-------+-------+
| 7 3 4 | 9 1 6 | 5 8 2 |
| 9 5 8 | 4 2 3 | 6 1 7 |
| 6 1 2 | 8 7 5 | 3 4 9 |
+-------+-------+-------+
Судоку  49 решена за 1.3499079999999992 сек.

+-------+-------+-------+
| 6 0 0 | 3 0 2 | 0 0 0 |
| 0 1 0 | 0 0 0 | 0 5 0 |
| 0 0 0 | 0 0 0 | 0 0 0 |
+-------+-------+-------+
| 7 0 2 | 6 0 0 | 0 0 0 |
| 0 0 0 | 0 0 0 | 0 8 4 |
| 3 0 0 | 0 0 0 | 0 0 0 |
+-------+-------+-------+
| 0 8 0 | 1 5 0 | 0 0 0 |
| 0 0 0 | 0 8 0 | 2 0 0 |
| 0 0 0 | 0 0 0 | 7 0 0 |
+-------+-------+-------+
+-------+-------+-------+
| 6 5 4 | 3 1 2 | 8 7 9 |
| 9 1 3 | 8 7 6 | 4 5 2 |
| 8 2 7 | 4 9 5 | 1 3 6 |
+-------+-------+-------+
| 7 4 2 | 6 3 8 | 5 9 1 |
| 1 6 5 | 7 2 9 | 3 8 4 |
| 3 9 8 | 5 4 1 | 6 2 7 |
+-------+-------+-------+
| 2 8 6 | 1 5 7 | 9 4 3 |
| 4 7 1 | 9 8 3 | 2 6 5 |
| 5 3 9 | 2 6 4 | 7 1 8 |
+-------+-------+-------+
Судоку  50 решена за 0.29889199999999505 сек.

+-------+-------+-------+
| 1 0 0 | 0 0 0 | 9 0 0 |
| 0 6 4 | 0 0 1 | 0 7 0 |
| 0 7 0 | 0 4 0 | 0 0 0 |
+-------+-------+-------+
| 0 0 0 | 3 0 0 | 0 0 0 |
| 3 0 8 | 9 0 0 | 5 0 0 |
| 0 0 7 | 0 0 0 | 0 2 0 |
+-------+-------+-------+
| 0 0 0 | 0 6 0 | 7 0 9 |
| 0 0 0 | 0 0 4 | 0 1 0 |
| 0 0 0 | 1 2 9 | 0 3 0 |
+-------+-------+-------+
+-------+-------+-------+
| 1 5 2 | 7 3 8 | 9 4 6 |
| 8 6 4 | 2 9 1 | 3 7 5 |
| 9 7 3 | 6 4 5 | 2 8 1 |
+-------+-------+-------+
| 2 1 6 | 3 5 7 | 4 9 8 |
| 3 4 8 | 9 1 2 | 5 6 7 |
| 5 9 7 | 4 8 6 | 1 2 3 |
+-------+-------+-------+
| 4 2 1 | 8 6 3 | 7 5 9 |
| 6 3 9 | 5 7 4 | 8 1 2 |
| 7 8 5 | 1 2 9 | 6 3 4 |
+-------+-------+-------+
Судоку  51 решена за 0.06284400000001256 сек.

+-------+-------+-------+
| 0 0 0 | 0 0 0 | 0 0 0 |
| 9 0 0 | 0 0 0 | 0 8 4 |
| 0 6 2 | 3 0 0 | 0 5 0 |
+-------+-------+-------+
| 0 0 0 | 6 0 0 | 0 4 5 |
| 3 0 0 | 0 1 0 | 0 0 6 |
| 0 0 0 | 9 0 0 | 0 7 0 |
+-------+-------+-------+
| 0 0 0 | 1 0 0 | 0 0 0 |
| 4 0 5 | 0 0 2 | 0 0 0 |
| 0 3 0 | 8 0 0 | 0 0 9 |
+-------+-------+-------+
+-------+-------+-------+
| 1 7 4 | 5 8 9 | 3 6 2 |
| 9 5 3 | 2 6 1 | 7 8 4 |
| 8 6 2 | 3 4 7 | 9 5 1 |
+-------+-------+-------+
| 2 1 9 | 6 7 3 | 8 4 5 |
| 3 8 7 | 4 1 5 | 2 9 6 |
| 5 4 6 | 9 2 8 | 1 7 3 |
+-------+-------+-------+
| 6 2 8 | 1 9 4 | 5 3 7 |
| 4 9 5 | 7 3 2 | 6 1 8 |
| 7 3 1 | 8 5 6 | 4 2 9 |
+-------+-------+-------+
Судоку  52 решена за 0.05971600000000876 сек.

+-------+-------+-------+
| 0 2 0 | 0 0 0 | 5 9 3 |
| 8 0 0 | 5 0 0 | 4 6 0 |
| 9 4 0 | 0 6 0 | 0 0 8 |
+-------+-------+-------+
| 0 0 2 | 0 3 0 | 0 0 0 |
| 0 6 0 | 0 8 0 | 7 3 0 |
| 7 0 0 | 2 0 0 | 0 0 0 |
+-------+-------+-------+
| 0 0 0 | 0 4 0 | 3 8 0 |
| 0 7 0 | 0 0 0 | 6 0 0 |
| 0 0 0 | 0 0 0 | 0 0 5 |
+-------+-------+-------+
+-------+-------+-------+
| 1 2 6 | 4 7 8 | 5 9 3 |
| 8 3 7 | 5 9 2 | 4 6 1 |
| 9 4 5 | 3 6 1 | 2 7 8 |
+-------+-------+-------+
| 4 1 2 | 9 3 7 | 8 5 6 |
| 5 6 9 | 1 8 4 | 7 3 2 |
| 7 8 3 | 2 5 6 | 9 1 4 |
+-------+-------+-------+
| 2 5 1 | 6 4 9 | 3 8 7 |
| 3 7 4 | 8 1 5 | 6 2 9 |
| 6 9 8 | 7 2 3 | 1 4 5 |
+-------+-------+-------+
Судоку  53 решена за 0.025351000000000568 сек.

+-------+-------+-------+
| 9 0 4 | 0 0 5 | 0 0 0 |
| 2 5 0 | 6 0 0 | 1 0 0 |
| 3 1 0 | 0 0 0 | 0 0 8 |
+-------+-------+-------+
| 0 7 0 | 0 0 9 | 0 0 0 |
| 4 0 0 | 2 6 0 | 0 0 0 |
| 0 0 1 | 4 7 0 | 0 0 0 |
+-------+-------+-------+
| 7 0 0 | 0 0 0 | 0 0 2 |
| 0 0 0 | 3 0 0 | 8 0 6 |
| 0 4 0 | 0 0 0 | 0 9 0 |
+-------+-------+-------+
+-------+-------+-------+
| 9 6 4 | 8 1 5 | 2 3 7 |
| 2 5 8 | 6 3 7 | 1 4 9 |
| 3 1 7 | 9 2 4 | 6 5 8 |
+-------+-------+-------+
| 8 7 2 | 1 5 9 | 3 6 4 |
| 4 9 5 | 2 6 3 | 7 8 1 |
| 6 3 1 | 4 7 8 | 9 2 5 |
+-------+-------+-------+
| 7 8 3 | 5 9 6 | 4 1 2 |
| 5 2 9 | 3 4 1 | 8 7 6 |
| 1 4 6 | 7 8 2 | 5 9 3 |
+-------+-------+-------+
Судоку  54 решена за 0.05629600000000323 сек.

+-------+-------+-------+
| 0 0 0 | 5 2 0 | 0 0 0 |
| 0 9 0 | 0 0 3 | 0 0 4 |
| 0 0 0 | 0 0 0 | 7 0 0 |
+-------+-------+-------+
| 0 1 0 | 0 0 0 | 0 4 0 |
| 0 8 0 | 0 4 5 | 3 0 0 |
| 6 0 0 | 0 1 0 | 0 0 8 |
+-------+-------+-------+
| 7 0 2 | 0 0 0 | 0 0 0 |
| 0 0 8 | 0 0 0 | 0 3 2 |
| 0 4 0 | 0 8 0 | 0 1 0 |
+-------+-------+-------+
+-------+-------+-------+
| 4 7 6 | 5 2 9 | 1 8 3 |
| 8 9 5 | 1 7 3 | 6 2 4 |
| 3 2 1 | 8 6 4 | 7 9 5 |
+-------+-------+-------+
| 5 1 7 | 3 9 8 | 2 4 6 |
| 2 8 9 | 6 4 5 | 3 7 1 |
| 6 3 4 | 7 1 2 | 9 5 8 |
+-------+-------+-------+
| 7 5 2 | 4 3 1 | 8 6 9 |
| 1 6 8 | 9 5 7 | 4 3 2 |
| 9 4 3 | 2 8 6 | 5 1 7 |
+-------+-------+-------+
Судоку  55 решена за 0.14114899999998443 сек.

+-------+-------+-------+
| 5 3 0 | 0 2 0 | 9 0 0 |
| 0 2 4 | 0 3 0 | 0 5 0 |
| 0 0 9 | 0 0 0 | 0 0 0 |
+-------+-------+-------+
| 0 0 0 | 0 1 0 | 8 2 7 |
| 0 0 0 | 7 0 0 | 0 0 0 |
| 0 0 0 | 0 9 8 | 1 0 0 |
+-------+-------+-------+
| 0 0 0 | 0 0 0 | 0 0 0 |
| 0 0 6 | 4 0 0 | 0 0 9 |
| 1 0 2 | 0 5 0 | 4 3 0 |
+-------+-------+-------+
+-------+-------+-------+
| 5 3 8 | 1 2 7 | 9 4 6 |
| 6 2 4 | 8 3 9 | 7 5 1 |
| 7 1 9 | 6 4 5 | 3 8 2 |
+-------+-------+-------+
| 9 6 5 | 3 1 4 | 8 2 7 |
| 3 8 1 | 7 6 2 | 5 9 4 |
| 2 4 7 | 5 9 8 | 1 6 3 |
+-------+-------+-------+
| 4 9 3 | 2 8 1 | 6 7 5 |
| 8 5 6 | 4 7 3 | 2 1 9 |
| 1 7 2 | 9 5 6 | 4 3 8 |
+-------+-------+-------+
Судоку  56 решена за 0.05127900000002228 сек.

+-------+-------+-------+
| 1 0 0 | 0 0 7 | 8 6 0 |
| 0 0 7 | 0 0 8 | 0 1 0 |
| 8 0 0 | 2 0 0 | 0 0 9 |
+-------+-------+-------+
| 0 0 0 | 0 0 0 | 0 0 2 |
| 4 0 0 | 0 1 0 | 0 0 0 |
| 0 0 9 | 0 0 5 | 0 0 0 |
+-------+-------+-------+
| 6 0 8 | 0 0 0 | 0 0 0 |
| 0 0 0 | 0 5 0 | 9 0 0 |
| 0 0 0 | 0 0 9 | 3 0 4 |
+-------+-------+-------+
+-------+-------+-------+
| 1 2 4 | 5 9 7 | 8 6 3 |
| 9 3 7 | 6 4 8 | 2 1 5 |
| 8 5 6 | 2 3 1 | 7 4 9 |
+-------+-------+-------+
| 5 1 3 | 7 8 6 | 4 9 2 |
| 4 8 2 | 9 1 3 | 6 5 7 |
| 7 6 9 | 4 2 5 | 1 3 8 |
+-------+-------+-------+
| 6 9 8 | 3 7 4 | 5 2 1 |
| 3 4 1 | 8 5 2 | 9 7 6 |
| 2 7 5 | 1 6 9 | 3 8 4 |
+-------+-------+-------+
Судоку  57 решена за 0.3325839999999971 сек.

+-------+-------+-------+
| 0 0 0 | 0 5 0 | 0 0 1 |
| 1 0 0 | 0 0 0 | 0 7 0 |
| 0 6 0 | 0 0 0 | 0 8 0 |
+-------+-------+-------+
| 0 0 0 | 0 0 4 | 0 0 0 |
| 0 0 9 | 0 1 0 | 3 0 0 |
| 0 0 0 | 5 9 6 | 0 2 0 |
+-------+-------+-------+
| 0 8 0 | 0 6 2 | 0 0 7 |
| 0 0 7 | 0 0 0 | 0 0 0 |
| 3 0 5 | 0 7 0 | 2 0 0 |
+-------+-------+-------+
+-------+-------+-------+
| 8 7 2 | 4 5 9 | 6 3 1 |
| 1 5 4 | 6 8 3 | 9 7 2 |
| 9 6 3 | 7 2 1 | 4 8 5 |
+-------+-------+-------+
| 2 1 6 | 8 3 4 | 7 5 9 |
| 5 4 9 | 2 1 7 | 3 6 8 |
| 7 3 8 | 5 9 6 | 1 2 4 |
+-------+-------+-------+
| 4 8 1 | 3 6 2 | 5 9 7 |
| 6 2 7 | 9 4 5 | 8 1 3 |
| 3 9 5 | 1 7 8 | 2 4 6 |
+-------+-------+-------+
Судоку  58 решена за 0.19485600000001568 сек.

+-------+-------+-------+
| 0 4 7 | 0 2 0 | 0 0 0 |
| 8 0 0 | 0 0 1 | 0 0 0 |
| 0 3 0 | 0 0 0 | 9 0 2 |
+-------+-------+-------+
| 0 0 0 | 0 0 5 | 0 0 0 |
| 6 0 0 | 8 1 0 | 0 5 0 |
| 0 0 0 | 0 4 0 | 0 0 0 |
+-------+-------+-------+
| 0 7 0 | 0 0 0 | 3 0 4 |
| 0 0 0 | 9 0 0 | 0 1 0 |
| 4 0 0 | 2 7 0 | 8 0 0 |
+-------+-------+-------+
+-------+-------+-------+
| 9 4 7 | 3 2 6 | 5 8 1 |
| 8 5 2 | 4 9 1 | 6 7 3 |
| 1 3 6 | 5 8 7 | 9 4 2 |
+-------+-------+-------+
| 2 8 4 | 7 3 5 | 1 6 9 |
| 6 9 3 | 8 1 2 | 4 5 7 |
| 7 1 5 | 6 4 9 | 2 3 8 |
+-------+-------+-------+
| 5 7 9 | 1 6 8 | 3 2 4 |
| 3 2 8 | 9 5 4 | 7 1 6 |
| 4 6 1 | 2 7 3 | 8 9 5 |
+-------+-------+-------+
Судоку  59 решена за 0.13304800000000228 сек.

+-------+-------+-------+
| 0 0 0 | 0 0 0 | 9 4 0 |
| 0 0 0 | 0 9 0 | 0 0 5 |
| 3 0 0 | 0 0 5 | 0 7 0 |
+-------+-------+-------+
| 0 8 0 | 4 0 0 | 1 0 0 |
| 4 6 3 | 0 0 0 | 0 0 0 |
| 0 0 0 | 0 0 7 | 0 8 0 |
+-------+-------+-------+
| 8 0 0 | 7 0 0 | 0 0 0 |
| 7 0 0 | 0 0 0 | 0 2 8 |
| 0 5 0 | 2 6 0 | 0 0 0 |
+-------+-------+-------+
+-------+-------+-------+
| 2 1 5 | 8 7 6 | 9 4 3 |
| 6 7 8 | 3 9 4 | 2 1 5 |
| 3 4 9 | 1 2 5 | 8 7 6 |
+-------+-------+-------+
| 5 8 7 | 4 3 2 | 1 6 9 |
| 4 6 3 | 9 8 1 | 7 5 2 |
| 1 9 2 | 6 5 7 | 3 8 4 |
+-------+-------+-------+
| 8 2 6 | 7 4 3 | 5 9 1 |
| 7 3 4 | 5 1 9 | 6 2 8 |
| 9 5 1 | 2 6 8 | 4 3 7 |
+-------+-------+-------+
Судоку  60 решена за 0.2834009999999978 сек.

+-------+-------+-------+
| 0 2 0 | 0 0 0 | 0 0 6 |
| 0 0 0 | 0 4 1 | 0 0 0 |
| 0 0 7 | 8 0 0 | 0 0 1 |
+-------+-------+-------+
| 0 0 0 | 0 0 0 | 7 0 0 |
| 0 0 3 | 7 0 0 | 0 0 0 |
| 6 0 0 | 4 1 2 | 0 0 0 |
+-------+-------+-------+
| 0 1 0 | 0 7 4 | 0 0 5 |
| 0 0 8 | 0 5 0 | 0 7 0 |
| 0 0 0 | 0 0 3 | 9 0 0 |
+-------+-------+-------+
+-------+-------+-------+
| 1 2 4 | 3 9 7 | 8 5 6 |
| 8 3 5 | 6 4 1 | 2 9 7 |
| 9 6 7 | 8 2 5 | 3 4 1 |
+-------+-------+-------+
| 2 4 1 | 5 3 8 | 7 6 9 |
| 5 8 3 | 7 6 9 | 4 1 2 |
| 6 7 9 | 4 1 2 | 5 3 8 |
+-------+-------+-------+
| 3 1 2 | 9 7 4 | 6 8 5 |
| 4 9 8 | 2 5 6 | 1 7 3 |
| 7 5 6 | 1 8 3 | 9 2 4 |
+-------+-------+-------+
Судоку  61 решена за 0.5030630000000258 сек.

+-------+-------+-------+
| 1 0 0 | 0 0 0 | 3 0 8 |
| 0 6 0 | 4 0 0 | 0 0 0 |
| 0 0 0 | 0 0 0 | 0 0 0 |
+-------+-------+-------+
| 2 0 3 | 0 1 0 | 0 0 0 |
| 0 0 0 | 0 0 0 | 0 7 5 |
| 8 0 0 | 0 0 0 | 0 0 0 |
+-------+-------+-------+
| 0 7 0 | 5 0 0 | 0 6 0 |
| 0 0 0 | 0 8 0 | 2 0 0 |
| 0 4 0 | 0 0 0 | 0 0 0 |
+-------+-------+-------+
+-------+-------+-------+
| 1 2 5 | 9 7 6 | 3 4 8 |
| 3 6 9 | 4 2 8 | 5 1 7 |
| 7 8 4 | 3 5 1 | 9 2 6 |
+-------+-------+-------+
| 2 5 3 | 8 1 7 | 6 9 4 |
| 4 1 6 | 2 9 3 | 8 7 5 |
| 8 9 7 | 6 4 5 | 1 3 2 |
+-------+-------+-------+
| 9 7 8 | 5 3 2 | 4 6 1 |
| 6 3 1 | 7 8 4 | 2 5 9 |
| 5 4 2 | 1 6 9 | 7 8 3 |
+-------+-------+-------+
Судоку  62 решена за 0.1971860000000163 сек.

+-------+-------+-------+
| 2 0 0 | 0 0 1 | 0 9 0 |
| 0 1 0 | 0 3 0 | 7 0 0 |
| 9 0 0 | 8 0 0 | 0 2 0 |
+-------+-------+-------+
| 0 0 0 | 0 0 0 | 8 5 0 |
| 0 6 0 | 4 0 0 | 0 0 0 |
| 0 0 0 | 0 7 0 | 0 0 3 |
+-------+-------+-------+
| 0 2 0 | 3 0 0 | 0 6 0 |
| 0 0 0 | 5 0 0 | 0 0 0 |
| 1 0 9 | 0 0 0 | 2 0 5 |
+-------+-------+-------+
+-------+-------+-------+
| 2 8 3 | 7 4 1 | 5 9 6 |
| 6 1 5 | 2 3 9 | 7 4 8 |
| 9 7 4 | 8 6 5 | 3 2 1 |
+-------+-------+-------+
| 3 9 7 | 1 2 6 | 8 5 4 |
| 8 6 1 | 4 5 3 | 9 7 2 |
| 4 5 2 | 9 7 8 | 6 1 3 |
+-------+-------+-------+
| 5 2 8 | 3 9 4 | 1 6 7 |
| 7 3 6 | 5 1 2 | 4 8 9 |
| 1 4 9 | 6 8 7 | 2 3 5 |
+-------+-------+-------+
Судоку  63 решена за 0.03961400000000026 сек.

+-------+-------+-------+
| 0 0 7 | 0 0 8 | 0 0 0 |
| 0 0 6 | 0 2 0 | 3 0 0 |
| 0 3 0 | 0 0 0 | 0 0 9 |
+-------+-------+-------+
| 0 1 0 | 0 5 0 | 0 6 0 |
| 0 0 0 | 0 1 0 | 0 0 0 |
| 0 7 0 | 9 0 0 | 0 0 2 |
+-------+-------+-------+
| 0 0 0 | 0 0 0 | 0 0 4 |
| 0 8 3 | 0 0 4 | 0 0 0 |
| 2 6 0 | 0 0 0 | 5 1 0 |
+-------+-------+-------+
+-------+-------+-------+
| 9 5 7 | 6 3 8 | 4 2 1 |
| 1 4 6 | 7 2 9 | 3 8 5 |
| 8 3 2 | 5 4 1 | 6 7 9 |
+-------+-------+-------+
| 4 1 9 | 3 5 2 | 7 6 8 |
| 6 2 8 | 4 1 7 | 9 5 3 |
| 3 7 5 | 9 8 6 | 1 4 2 |
+-------+-------+-------+
| 7 9 1 | 2 6 5 | 8 3 4 |
| 5 8 3 | 1 7 4 | 2 9 6 |
| 2 6 4 | 8 9 3 | 5 1 7 |
+-------+-------+-------+
Судоку  64 решена за 0.7709959999999967 сек.

+-------+-------+-------+
| 0 0 0 | 3 6 0 | 0 0 0 |
| 8 5 0 | 0 0 0 | 0 0 0 |
| 9 0 4 | 0 0 8 | 0 0 0 |
+-------+-------+-------+
| 0 0 0 | 0 0 6 | 8 0 0 |
| 0 0 0 | 0 0 0 | 0 1 7 |
| 0 0 9 | 0 0 4 | 5 0 0 |
+-------+-------+-------+
| 0 1 0 | 5 0 0 | 0 6 0 |
| 4 0 0 | 0 0 9 | 0 0 2 |
| 0 0 0 | 0 0 3 | 0 0 0 |
+-------+-------+-------+
+-------+-------+-------+
| 1 2 7 | 3 6 5 | 4 8 9 |
| 8 5 3 | 4 9 1 | 2 7 6 |
| 9 6 4 | 2 7 8 | 3 5 1 |
+-------+-------+-------+
| 2 3 1 | 7 5 6 | 8 9 4 |
| 5 4 8 | 9 3 2 | 6 1 7 |
| 6 7 9 | 1 8 4 | 5 2 3 |
+-------+-------+-------+
| 3 1 2 | 5 4 7 | 9 6 8 |
| 4 8 5 | 6 1 9 | 7 3 2 |
| 7 9 6 | 8 2 3 | 1 4 5 |
+-------+-------+-------+
Судоку  65 решена за 0.005159999999989395 сек.

+-------+-------+-------+
| 3 4 0 | 6 0 0 | 0 0 0 |
| 0 0 7 | 0 0 0 | 0 0 0 |
| 0 2 0 | 0 8 0 | 5 7 0 |
+-------+-------+-------+
| 0 0 0 | 0 0 5 | 0 0 0 |
| 0 7 0 | 0 1 0 | 0 2 0 |
| 0 0 0 | 4 0 0 | 0 0 0 |
+-------+-------+-------+
| 0 3 6 | 0 2 0 | 0 1 0 |
| 0 0 0 | 0 0 0 | 9 0 0 |
| 0 0 0 | 0 0 7 | 0 8 2 |
+-------+-------+-------+
+-------+-------+-------+
| 3 4 5 | 6 7 1 | 2 9 8 |
| 9 8 7 | 2 5 3 | 1 4 6 |
| 6 2 1 | 9 8 4 | 5 7 3 |
+-------+-------+-------+
| 2 6 4 | 7 9 5 | 8 3 1 |
| 5 7 3 | 8 1 6 | 4 2 9 |
| 1 9 8 | 4 3 2 | 6 5 7 |
+-------+-------+-------+
| 8 3 6 | 5 2 9 | 7 1 4 |
| 7 1 2 | 3 4 8 | 9 6 5 |
| 4 5 9 | 1 6 7 | 3 8 2 |
+-------+-------+-------+
Судоку  66 решена за 0.20151899999999046 сек.

+-------+-------+-------+
| 0 0 0 | 0 0 0 | 4 0 1 |
| 8 0 0 | 2 0 0 | 0 0 0 |
| 0 0 0 | 6 0 7 | 0 0 0 |
+-------+-------+-------+
| 0 0 0 | 8 0 0 | 0 6 0 |
| 0 4 0 | 0 0 0 | 3 0 0 |
| 0 1 0 | 0 0 0 | 0 0 0 |
+-------+-------+-------+
| 6 0 0 | 0 0 0 | 0 2 0 |
| 0 5 0 | 0 1 0 | 0 0 0 |
| 7 0 0 | 0 3 0 | 0 0 0 |
+-------+-------+-------+
+-------+-------+-------+
| 2 6 5 | 3 8 9 | 4 7 1 |
| 8 7 4 | 2 5 1 | 6 9 3 |
| 1 9 3 | 6 4 7 | 8 5 2 |
+-------+-------+-------+
| 3 2 7 | 8 9 4 | 1 6 5 |
| 9 4 6 | 1 2 5 | 3 8 7 |
| 5 1 8 | 7 6 3 | 2 4 9 |
+-------+-------+-------+
| 6 3 1 | 5 7 8 | 9 2 4 |
| 4 5 2 | 9 1 6 | 7 3 8 |
| 7 8 9 | 4 3 2 | 5 1 6 |
+-------+-------+-------+
Судоку  67 решена за 0.3884490000000085 сек.

+-------+-------+-------+
| 0 4 0 | 0 5 0 | 0 6 7 |
| 0 0 0 | 1 0 0 | 0 4 0 |
| 0 0 0 | 2 0 0 | 0 0 0 |
+-------+-------+-------+
| 1 0 0 | 8 0 0 | 3 0 0 |
| 0 0 0 | 0 0 0 | 2 0 0 |
| 0 6 0 | 0 0 0 | 0 0 0 |
+-------+-------+-------+
| 0 0 0 | 0 4 0 | 0 5 0 |
| 3 0 0 | 0 0 0 | 8 0 0 |
| 2 0 0 | 0 0 0 | 0 0 0 |
+-------+-------+-------+
+-------+-------+-------+
| 8 4 2 | 3 5 9 | 1 6 7 |
| 5 7 3 | 1 8 6 | 9 4 2 |
| 6 1 9 | 2 7 4 | 5 3 8 |
+-------+-------+-------+
| 1 2 7 | 8 6 5 | 3 9 4 |
| 4 3 5 | 7 9 1 | 2 8 6 |
| 9 6 8 | 4 2 3 | 7 1 5 |
+-------+-------+-------+
| 7 8 1 | 9 4 2 | 6 5 3 |
| 3 5 4 | 6 1 7 | 8 2 9 |
| 2 9 6 | 5 3 8 | 4 7 1 |
+-------+-------+-------+
Судоку  68 решена за 0.5348109999999906 сек.

+-------+-------+-------+
| 0 0 0 | 0 0 0 | 0 4 0 |
| 0 0 2 | 0 0 4 | 0 0 1 |
| 0 7 0 | 0 5 0 | 0 9 0 |
+-------+-------+-------+
| 0 0 3 | 0 0 7 | 0 0 0 |
| 0 4 0 | 0 6 0 | 0 0 0 |
| 6 0 0 | 1 0 0 | 8 0 0 |
+-------+-------+-------+
| 0 2 0 | 0 0 0 | 1 0 0 |
| 8 5 0 | 9 0 0 | 0 6 0 |
| 0 0 0 | 0 8 0 | 0 0 3 |
+-------+-------+-------+
+-------+-------+-------+
| 5 3 8 | 2 1 9 | 7 4 6 |
| 9 6 2 | 8 7 4 | 5 3 1 |
| 1 7 4 | 3 5 6 | 2 9 8 |
+-------+-------+-------+
| 2 8 3 | 4 9 7 | 6 1 5 |
| 7 4 1 | 5 6 8 | 3 2 9 |
| 6 9 5 | 1 2 3 | 8 7 4 |
+-------+-------+-------+
| 3 2 9 | 6 4 5 | 1 8 7 |
| 8 5 7 | 9 3 1 | 4 6 2 |
| 4 1 6 | 7 8 2 | 9 5 3 |
+-------+-------+-------+
Судоку  69 решена за 0.36592099999998595 сек.

+-------+-------+-------+
| 8 0 0 | 7 0 0 | 0 0 4 |
| 0 5 0 | 0 0 0 | 6 0 0 |
| 0 0 0 | 0 0 0 | 0 0 0 |
+-------+-------+-------+
| 0 3 0 | 9 7 0 | 0 0 8 |
| 0 0 0 | 0 4 3 | 0 0 5 |
| 0 0 0 | 0 2 0 | 9 0 0 |
+-------+-------+-------+
| 0 0 6 | 0 0 0 | 0 0 0 |
| 2 0 0 | 0 6 0 | 0 0 7 |
| 0 7 1 | 0 0 8 | 3 0 2 |
+-------+-------+-------+
+-------+-------+-------+
| 8 6 3 | 7 5 1 | 2 9 4 |
| 9 5 7 | 4 3 2 | 6 8 1 |
| 1 2 4 | 6 8 9 | 5 7 3 |
+-------+-------+-------+
| 5 3 2 | 9 7 6 | 1 4 8 |
| 6 1 9 | 8 4 3 | 7 2 5 |
| 7 4 8 | 1 2 5 | 9 3 6 |
+-------+-------+-------+
| 3 8 6 | 2 1 7 | 4 5 9 |
| 2 9 5 | 3 6 4 | 8 1 7 |
| 4 7 1 | 5 9 8 | 3 6 2 |
+-------+-------+-------+
Судоку  70 решена за 0.34188999999997804 сек.

+-------+-------+-------+
| 0 8 0 | 0 0 4 | 0 5 0 |
| 0 0 0 | 7 0 0 | 3 0 0 |
| 0 0 0 | 0 0 0 | 0 0 0 |
+-------+-------+-------+
| 0 1 0 | 0 8 5 | 0 0 0 |
| 6 0 0 | 0 0 0 | 2 0 0 |
| 0 0 0 | 0 4 0 | 0 0 0 |
+-------+-------+-------+
| 3 0 2 | 6 0 0 | 0 0 0 |
| 0 0 0 | 0 0 0 | 0 4 1 |
| 7 0 0 | 0 0 0 | 0 0 0 |
+-------+-------+-------+
+-------+-------+-------+
| 9 8 6 | 3 2 4 | 1 5 7 |
| 1 2 4 | 7 5 9 | 3 6 8 |
| 5 3 7 | 8 6 1 | 4 2 9 |
+-------+-------+-------+
| 4 1 3 | 2 8 5 | 9 7 6 |
| 6 9 5 | 1 7 3 | 2 8 4 |
| 2 7 8 | 9 4 6 | 5 1 3 |
+-------+-------+-------+
| 3 4 2 | 6 1 7 | 8 9 5 |
| 8 6 9 | 5 3 2 | 7 4 1 |
| 7 5 1 | 4 9 8 | 6 3 2 |
+-------+-------+-------+
Судоку  71 решена за 9.18317399999998 сек.

+-------+-------+-------+
| 0 0 0 | 0 7 0 | 0 8 0 |
| 0 0 6 | 0 0 0 | 5 0 0 |
| 0 2 0 | 0 0 3 | 0 6 1 |
+-------+-------+-------+
| 0 1 0 | 0 0 7 | 0 0 2 |
| 0 0 8 | 0 0 5 | 3 4 0 |
| 2 0 0 | 9 0 0 | 0 0 0 |
+-------+-------+-------+
| 0 0 2 | 0 0 0 | 0 0 0 |
| 5 8 0 | 0 0 6 | 0 3 0 |
| 4 0 0 | 0 1 0 | 0 0 0 |
+-------+-------+-------+
+-------+-------+-------+
| 9 4 5 | 6 7 1 | 2 8 3 |
| 1 3 6 | 4 8 2 | 5 9 7 |
| 8 2 7 | 5 9 3 | 4 6 1 |
+-------+-------+-------+
| 6 1 4 | 8 3 7 | 9 5 2 |
| 7 9 8 | 1 2 5 | 3 4 6 |
| 2 5 3 | 9 6 4 | 1 7 8 |
+-------+-------+-------+
| 3 6 2 | 7 5 9 | 8 1 4 |
| 5 8 1 | 2 4 6 | 7 3 9 |
| 4 7 9 | 3 1 8 | 6 2 5 |
+-------+-------+-------+
Судоку  72 решена за 0.034709999999989805 сек.

+-------+-------+-------+
| 0 0 0 | 0 0 0 | 8 0 1 |
| 6 0 0 | 2 0 0 | 0 0 0 |
| 0 0 0 | 7 0 5 | 0 0 0 |
+-------+-------+-------+
| 0 0 0 | 6 0 0 | 0 2 0 |
| 0 1 0 | 0 0 0 | 3 0 0 |
| 0 8 0 | 0 0 0 | 0 0 0 |
+-------+-------+-------+
| 2 0 0 | 0 0 0 | 0 7 0 |
| 0 4 0 | 0 8 0 | 0 0 0 |
| 5 0 0 | 0 3 0 | 0 0 0 |
+-------+-------+-------+
+-------+-------+-------+
| 7 2 4 | 3 6 9 | 8 5 1 |
| 6 5 1 | 2 4 8 | 7 9 3 |
| 8 9 3 | 7 1 5 | 6 4 2 |
+-------+-------+-------+
| 3 7 5 | 6 9 1 | 4 2 8 |
| 9 1 2 | 8 7 4 | 3 6 5 |
| 4 8 6 | 5 2 3 | 9 1 7 |
+-------+-------+-------+
| 2 3 8 | 4 5 6 | 1 7 9 |
| 1 4 7 | 9 8 2 | 5 3 6 |
| 5 6 9 | 1 3 7 | 2 8 4 |
+-------+-------+-------+
Судоку  73 решена за 0.7006299999999896 сек.

+-------+-------+-------+
| 0 2 0 | 0 0 0 | 0 0 0 |
| 0 0 0 | 6 0 0 | 0 0 3 |
| 0 7 4 | 0 8 0 | 0 0 0 |
+-------+-------+-------+
| 0 0 0 | 0 0 3 | 0 0 2 |
| 0 8 0 | 0 4 0 | 0 1 0 |
| 6 0 0 | 5 0 0 | 0 0 0 |
+-------+-------+-------+
| 0 0 0 | 0 1 0 | 7 8 0 |
| 5 0 0 | 0 0 9 | 0 0 0 |
| 0 0 0 | 0 0 0 | 0 4 0 |
+-------+-------+-------+
+-------+-------+-------+
| 1 2 6 | 4 3 7 | 9 5 8 |
| 8 9 5 | 6 2 1 | 4 7 3 |
| 3 7 4 | 9 8 5 | 1 2 6 |
+-------+-------+-------+
| 4 5 7 | 1 9 3 | 8 6 2 |
| 9 8 3 | 2 4 6 | 5 1 7 |
| 6 1 2 | 5 7 8 | 3 9 4 |
+-------+-------+-------+
| 2 6 9 | 3 1 4 | 7 8 5 |
| 5 4 8 | 7 6 9 | 2 3 1 |
| 7 3 1 | 8 5 2 | 6 4 9 |
+-------+-------+-------+
Судоку  74 решена за 0.4459489999999846 сек.

+-------+-------+-------+
| 0 5 2 | 0 0 6 | 8 0 0 |
| 0 0 0 | 0 0 7 | 0 2 0 |
| 0 0 0 | 0 0 0 | 6 0 0 |
+-------+-------+-------+
| 0 0 4 | 8 0 0 | 9 0 0 |
| 2 0 0 | 4 1 0 | 0 0 0 |
| 0 0 1 | 0 0 0 | 0 0 8 |
+-------+-------+-------+
| 0 0 6 | 1 0 0 | 3 8 0 |
| 0 0 0 | 0 9 0 | 0 0 6 |
| 3 0 0 | 6 0 0 | 1 0 9 |
+-------+-------+-------+
+-------+-------+-------+
| 1 5 2 | 9 4 6 | 8 3 7 |
| 9 6 3 | 5 8 7 | 4 2 1 |
| 8 4 7 | 2 3 1 | 6 9 5 |
+-------+-------+-------+
| 5 7 4 | 8 6 3 | 9 1 2 |
| 2 8 9 | 4 1 5 | 7 6 3 |
| 6 3 1 | 7 2 9 | 5 4 8 |
+-------+-------+-------+
| 7 9 6 | 1 5 2 | 3 8 4 |
| 4 1 5 | 3 9 8 | 2 7 6 |
| 3 2 8 | 6 7 4 | 1 5 9 |
+-------+-------+-------+
Судоку  75 решена за 0.3454309999999907 сек.

+-------+-------+-------+
| 0 0 0 | 0 1 0 | 7 8 0 |
| 5 0 0 | 0 0 9 | 0 0 0 |
| 0 0 0 | 0 0 0 | 0 4 0 |
+-------+-------+-------+
| 0 2 0 | 0 0 0 | 0 0 0 |
| 0 0 0 | 6 0 0 | 0 0 3 |
| 0 7 4 | 0 8 0 | 0 0 0 |
+-------+-------+-------+
| 0 0 0 | 0 0 3 | 0 0 2 |
| 0 8 0 | 0 4 0 | 0 1 0 |
| 6 0 0 | 5 0 0 | 0 0 0 |
+-------+-------+-------+
+-------+-------+-------+
| 2 6 9 | 3 1 4 | 7 8 5 |
| 5 4 8 | 7 6 9 | 2 3 1 |
| 7 3 1 | 8 5 2 | 6 4 9 |
+-------+-------+-------+
| 1 2 6 | 4 3 7 | 9 5 8 |
| 8 9 5 | 6 2 1 | 4 7 3 |
| 3 7 4 | 9 8 5 | 1 2 6 |
+-------+-------+-------+
| 4 5 7 | 1 9 3 | 8 6 2 |
| 9 8 3 | 2 4 6 | 5 1 7 |
| 6 1 2 | 5 7 8 | 3 9 4 |
+-------+-------+-------+
Судоку  76 решена за 0.28795800000000327 сек.

+-------+-------+-------+
| 1 0 0 | 0 0 0 | 0 0 3 |
| 0 6 0 | 3 0 0 | 7 0 0 |
| 0 7 0 | 0 0 5 | 0 0 1 |
+-------+-------+-------+
| 2 1 0 | 7 0 0 | 0 9 0 |
| 0 0 7 | 0 0 0 | 0 0 0 |
| 0 0 8 | 0 1 0 | 0 2 0 |
+-------+-------+-------+
| 0 0 0 | 8 0 6 | 4 0 0 |
| 0 0 9 | 0 2 0 | 0 6 0 |
| 0 0 0 | 4 0 0 | 0 0 0 |
+-------+-------+-------+
+-------+-------+-------+
| 1 5 2 | 6 7 8 | 9 4 3 |
| 8 6 4 | 3 9 1 | 7 5 2 |
| 9 7 3 | 2 4 5 | 6 8 1 |
+-------+-------+-------+
| 2 1 5 | 7 6 3 | 8 9 4 |
| 4 9 7 | 5 8 2 | 1 3 6 |
| 6 3 8 | 9 1 4 | 5 2 7 |
+-------+-------+-------+
| 3 2 1 | 8 5 6 | 4 7 9 |
| 5 4 9 | 1 2 7 | 3 6 8 |
| 7 8 6 | 4 3 9 | 2 1 5 |
+-------+-------+-------+
Судоку  77 решена за 0.1933830000000114 сек.

+-------+-------+-------+
| 4 0 0 | 0 7 0 | 1 0 0 |
| 0 0 1 | 9 0 4 | 6 0 5 |
| 0 0 0 | 0 0 1 | 0 0 0 |
+-------+-------+-------+
| 0 0 0 | 7 0 0 | 0 0 2 |
| 0 0 2 | 0 3 0 | 0 0 0 |
| 8 4 7 | 0 0 6 | 0 0 0 |
+-------+-------+-------+
| 0 1 4 | 0 0 0 | 8 0 6 |
| 0 2 0 | 0 0 0 | 3 0 0 |
| 6 0 0 | 0 9 0 | 0 0 0 |
+-------+-------+-------+
+-------+-------+-------+
| 4 9 6 | 5 7 3 | 1 2 8 |
| 3 8 1 | 9 2 4 | 6 7 5 |
| 2 7 5 | 8 6 1 | 9 4 3 |
+-------+-------+-------+
| 1 5 3 | 7 8 9 | 4 6 2 |
| 9 6 2 | 4 3 5 | 7 8 1 |
| 8 4 7 | 2 1 6 | 5 3 9 |
+-------+-------+-------+
| 7 1 4 | 3 5 2 | 8 9 6 |
| 5 2 9 | 6 4 8 | 3 1 7 |
| 6 3 8 | 1 9 7 | 2 5 4 |
+-------+-------+-------+
Судоку  78 решена за 0.049304000000006454 сек.

+-------+-------+-------+
| 0 0 0 | 0 0 0 | 8 0 1 |
| 7 0 0 | 2 0 0 | 0 0 0 |
| 0 0 0 | 5 0 6 | 0 0 0 |
+-------+-------+-------+
| 0 0 0 | 7 0 0 | 0 5 0 |
| 0 1 0 | 0 0 0 | 3 0 0 |
| 0 8 0 | 0 0 0 | 0 0 0 |
+-------+-------+-------+
| 5 0 0 | 0 0 0 | 0 2 0 |
| 0 3 0 | 0 8 0 | 0 0 0 |
| 6 0 0 | 0 4 0 | 0 0 0 |
+-------+-------+-------+
+-------+-------+-------+
| 2 5 3 | 4 7 9 | 8 6 1 |
| 7 6 1 | 2 3 8 | 5 9 4 |
| 8 9 4 | 5 1 6 | 7 3 2 |
+-------+-------+-------+
| 3 2 6 | 7 9 1 | 4 5 8 |
| 9 1 5 | 8 2 4 | 3 7 6 |
| 4 8 7 | 6 5 3 | 2 1 9 |
+-------+-------+-------+
| 5 4 8 | 1 6 7 | 9 2 3 |
| 1 3 2 | 9 8 5 | 6 4 7 |
| 6 7 9 | 3 4 2 | 1 8 5 |
+-------+-------+-------+
Судоку  79 решена за 1.0078399999999874 сек.

+-------+-------+-------+
| 9 6 3 | 0 0 0 | 0 0 0 |
| 1 0 0 | 0 0 8 | 0 0 0 |
| 0 0 0 | 2 0 5 | 0 0 0 |
+-------+-------+-------+
| 0 4 0 | 8 0 0 | 0 0 0 |
| 0 1 0 | 0 0 0 | 7 0 0 |
| 0 0 0 | 0 3 0 | 0 2 5 |
+-------+-------+-------+
| 7 0 0 | 0 0 0 | 0 3 0 |
| 0 0 9 | 0 2 0 | 4 0 7 |
| 0 0 0 | 0 0 0 | 9 0 0 |
+-------+-------+-------+
+-------+-------+-------+
| 9 6 3 | 7 4 1 | 2 5 8 |
| 1 5 2 | 3 9 8 | 6 7 4 |
| 8 7 4 | 2 6 5 | 3 9 1 |
+-------+-------+-------+
| 3 4 5 | 8 7 2 | 1 6 9 |
| 2 1 8 | 9 5 6 | 7 4 3 |
| 6 9 7 | 1 3 4 | 8 2 5 |
+-------+-------+-------+
| 7 2 1 | 4 8 9 | 5 3 6 |
| 5 8 9 | 6 2 3 | 4 1 7 |
| 4 3 6 | 5 1 7 | 9 8 2 |
+-------+-------+-------+
Судоку  80 решена за 0.07784799999998882 сек.

+-------+-------+-------+
| 1 5 0 | 3 0 0 | 0 0 0 |
| 0 7 0 | 0 4 0 | 2 0 0 |
| 0 0 4 | 0 7 2 | 0 0 0 |
+-------+-------+-------+
| 0 0 8 | 0 0 0 | 0 0 0 |
| 0 0 0 | 9 0 0 | 1 0 8 |
| 0 1 0 | 0 8 0 | 7 9 0 |
+-------+-------+-------+
| 0 0 0 | 0 0 3 | 8 0 0 |
| 0 0 0 | 0 0 0 | 0 0 0 |
| 6 0 0 | 0 0 7 | 4 2 3 |
+-------+-------+-------+
+-------+-------+-------+
| 1 5 2 | 3 9 8 | 6 4 7 |
| 9 7 3 | 6 4 1 | 2 8 5 |
| 8 6 4 | 5 7 2 | 9 3 1 |
+-------+-------+-------+
| 5 9 8 | 7 1 4 | 3 6 2 |
| 2 4 7 | 9 3 6 | 1 5 8 |
| 3 1 6 | 2 8 5 | 7 9 4 |
+-------+-------+-------+
| 7 2 5 | 4 6 3 | 8 1 9 |
| 4 3 1 | 8 2 9 | 5 7 6 |
| 6 8 9 | 1 5 7 | 4 2 3 |
+-------+-------+-------+
Судоку  81 решена за 0.26736999999999966 сек.

+-------+-------+-------+
| 0 0 0 | 0 0 0 | 0 0 0 |
| 0 5 7 | 2 4 0 | 0 0 9 |
| 8 0 0 | 0 0 9 | 4 7 0 |
+-------+-------+-------+
| 0 0 9 | 0 0 3 | 0 0 0 |
| 5 0 0 | 9 0 0 | 1 2 0 |
| 0 0 3 | 0 1 0 | 9 0 0 |
+-------+-------+-------+
| 0 6 0 | 0 0 0 | 2 5 0 |
| 0 0 0 | 5 6 0 | 0 0 0 |
| 0 7 0 | 0 0 0 | 0 0 6 |
+-------+-------+-------+
+-------+-------+-------+
| 9 4 6 | 7 3 1 | 5 8 2 |
| 1 5 7 | 2 4 8 | 6 3 9 |
| 8 3 2 | 6 5 9 | 4 7 1 |
+-------+-------+-------+
| 7 1 9 | 4 2 3 | 8 6 5 |
| 5 8 4 | 9 7 6 | 1 2 3 |
| 6 2 3 | 8 1 5 | 9 4 7 |
+-------+-------+-------+
| 4 6 1 | 3 9 7 | 2 5 8 |
| 3 9 8 | 5 6 2 | 7 1 4 |
| 2 7 5 | 1 8 4 | 3 9 6 |
+-------+-------+-------+
Судоку  82 решена за 0.2665930000000003 сек.

+-------+-------+-------+
| 0 0 0 | 0 7 5 | 0 0 0 |
| 0 1 0 | 0 2 0 | 0 0 0 |
| 0 4 0 | 0 0 3 | 0 0 0 |
+-------+-------+-------+
| 5 0 0 | 0 0 0 | 3 0 2 |
| 0 0 0 | 8 0 0 | 0 1 0 |
| 0 0 0 | 0 0 0 | 6 0 0 |
+-------+-------+-------+
| 0 0 0 | 1 0 0 | 4 8 0 |
| 2 0 0 | 0 0 0 | 0 0 0 |
| 7 0 0 | 0 0 0 | 0 0 0 |
+-------+-------+-------+
+-------+-------+-------+
| 9 3 2 | 4 7 5 | 8 6 1 |
| 6 1 7 | 9 2 8 | 5 3 4 |
| 8 4 5 | 6 1 3 | 2 7 9 |
+-------+-------+-------+
| 5 6 8 | 7 4 1 | 3 9 2 |
| 4 2 9 | 8 3 6 | 7 1 5 |
| 1 7 3 | 2 5 9 | 6 4 8 |
+-------+-------+-------+
| 3 5 6 | 1 9 2 | 4 8 7 |
| 2 9 4 | 3 8 7 | 1 5 6 |
| 7 8 1 | 5 6 4 | 9 2 3 |
+-------+-------+-------+
Судоку  83 решена за 0.4006939999999872 сек.

+-------+-------+-------+
| 6 0 0 | 0 0 0 | 7 0 3 |
| 0 4 0 | 8 0 0 | 0 0 0 |
| 0 0 0 | 0 0 0 | 0 0 0 |
+-------+-------+-------+
| 0 0 0 | 5 0 4 | 0 8 0 |
| 7 0 0 | 2 0 0 | 0 0 0 |
| 1 0 3 | 0 0 0 | 0 0 0 |
+-------+-------+-------+
| 0 2 0 | 0 0 0 | 0 5 0 |
| 0 0 0 | 0 7 0 | 9 0 0 |
| 0 0 0 | 0 1 0 | 0 0 0 |
+-------+-------+-------+
+-------+-------+-------+
| 6 1 8 | 4 5 9 | 7 2 3 |
| 3 4 2 | 8 6 7 | 5 1 9 |
| 5 7 9 | 1 2 3 | 4 6 8 |
+-------+-------+-------+
| 2 9 6 | 5 3 4 | 1 8 7 |
| 7 8 4 | 2 9 1 | 6 3 5 |
| 1 5 3 | 7 8 6 | 2 9 4 |
+-------+-------+-------+
| 9 2 7 | 6 4 8 | 3 5 1 |
| 8 6 1 | 3 7 5 | 9 4 2 |
| 4 3 5 | 9 1 2 | 8 7 6 |
+-------+-------+-------+
Судоку  84 решена за 0.16871799999998416 сек.

+-------+-------+-------+
| 0 0 0 | 0 6 0 | 0 0 4 |
| 0 0 6 | 0 3 0 | 0 0 0 |
| 1 0 0 | 4 0 0 | 5 0 7 |
+-------+-------+-------+
| 7 0 0 | 0 0 0 | 8 0 5 |
| 0 0 0 | 8 0 0 | 0 0 0 |
| 6 0 8 | 0 0 0 | 0 9 0 |
+-------+-------+-------+
| 0 0 2 | 0 9 0 | 0 0 0 |
| 4 0 0 | 0 0 3 | 2 0 0 |
| 0 0 9 | 7 0 0 | 1 0 0 |
+-------+-------+-------+
+-------+-------+-------+
| 9 5 7 | 2 6 1 | 3 8 4 |
| 8 4 6 | 5 3 7 | 9 2 1 |
| 1 2 3 | 4 8 9 | 5 6 7 |
+-------+-------+-------+
| 7 3 4 | 9 2 6 | 8 1 5 |
| 2 9 5 | 8 1 4 | 7 3 6 |
| 6 1 8 | 3 7 5 | 4 9 2 |
+-------+-------+-------+
| 5 7 2 | 1 9 8 | 6 4 3 |
| 4 8 1 | 6 5 3 | 2 7 9 |
| 3 6 9 | 7 4 2 | 1 5 8 |
+-------+-------+-------+
Судоку  85 решена за 0.08830900000000952 сек.

+-------+-------+-------+
| 0 3 2 | 0 0 0 | 0 0 5 |
| 8 0 0 | 3 0 0 | 0 0 0 |
| 9 0 4 | 2 8 0 | 0 0 1 |
+-------+-------+-------+
| 0 0 0 | 4 0 0 | 0 3 9 |
| 0 0 0 | 6 0 0 | 0 5 0 |
| 0 0 0 | 0 1 0 | 0 0 0 |
+-------+-------+-------+
| 0 2 0 | 0 0 6 | 7 0 8 |
| 0 0 0 | 0 0 4 | 0 0 0 |
| 0 9 5 | 0 0 0 | 0 6 0 |
+-------+-------+-------+
+-------+-------+-------+
| 1 3 2 | 7 4 9 | 6 8 5 |
| 8 5 7 | 3 6 1 | 9 2 4 |
| 9 6 4 | 2 8 5 | 3 7 1 |
+-------+-------+-------+
| 2 1 6 | 4 5 7 | 8 3 9 |
| 3 4 8 | 6 9 2 | 1 5 7 |
| 5 7 9 | 8 1 3 | 2 4 6 |
+-------+-------+-------+
| 4 2 1 | 5 3 6 | 7 9 8 |
| 6 8 3 | 9 7 4 | 5 1 2 |
| 7 9 5 | 1 2 8 | 4 6 3 |
+-------+-------+-------+
Судоку  86 решена за 0.02400200000002428 сек.

+-------+-------+-------+
| 0 0 0 | 5 0 3 | 0 0 0 |
| 0 0 0 | 0 6 0 | 7 0 0 |
| 5 0 8 | 0 0 0 | 0 1 6 |
+-------+-------+-------+
| 3 6 0 | 0 2 0 | 0 0 0 |
| 0 0 0 | 4 0 1 | 0 0 0 |
| 0 0 0 | 0 3 0 | 0 0 5 |
+-------+-------+-------+
| 6 7 0 | 0 0 0 | 2 0 8 |
| 0 0 4 | 0 7 0 | 0 0 0 |
| 0 0 0 | 2 0 0 | 5 0 0 |
+-------+-------+-------+
+-------+-------+-------+
| 7 4 6 | 5 1 3 | 8 9 2 |
| 1 3 2 | 8 6 9 | 7 5 4 |
| 5 9 8 | 7 4 2 | 3 1 6 |
+-------+-------+-------+
| 3 6 7 | 9 2 5 | 4 8 1 |
| 9 2 5 | 4 8 1 | 6 7 3 |
| 4 8 1 | 6 3 7 | 9 2 5 |
+-------+-------+-------+
| 6 7 9 | 1 5 4 | 2 3 8 |
| 2 5 4 | 3 7 8 | 1 6 9 |
| 8 1 3 | 2 9 6 | 5 4 7 |
+-------+-------+-------+
Судоку  87 решена за 0.28869900000000825 сек.

+-------+-------+-------+
| 0 5 0 | 3 0 7 | 0 4 0 |
| 1 0 0 | 0 0 0 | 0 0 0 |
| 0 3 0 | 0 0 0 | 0 0 0 |
+-------+-------+-------+
| 5 0 8 | 0 3 0 | 6 1 0 |
| 0 0 0 | 8 0 0 | 5 0 9 |
| 0 6 0 | 0 1 0 | 0 0 0 |
+-------+-------+-------+
| 0 0 0 | 0 4 0 | 0 0 6 |
| 0 0 0 | 6 9 2 | 7 0 0 |
| 0 0 2 | 0 0 0 | 9 0 0 |
+-------+-------+-------+
+-------+-------+-------+
| 9 5 6 | 3 2 7 | 8 4 1 |
| 1 2 7 | 4 8 6 | 3 9 5 |
| 8 3 4 | 9 5 1 | 2 6 7 |
+-------+-------+-------+
| 5 4 8 | 7 3 9 | 6 1 2 |
| 2 7 1 | 8 6 4 | 5 3 9 |
| 3 6 9 | 2 1 5 | 4 7 8 |
+-------+-------+-------+
| 7 9 3 | 5 4 8 | 1 2 6 |
| 4 1 5 | 6 9 2 | 7 8 3 |
| 6 8 2 | 1 7 3 | 9 5 4 |
+-------+-------+-------+
Судоку  88 решена за 0.01121899999998277 сек.

+-------+-------+-------+
| 0 0 5 | 0 0 8 | 0 0 1 |
| 8 0 0 | 0 0 0 | 0 9 0 |
| 0 0 0 | 0 0 0 | 7 8 0 |
+-------+-------+-------+
| 0 0 0 | 4 0 0 | 0 0 0 |
| 6 4 0 | 0 0 0 | 9 0 0 |
| 0 0 0 | 0 5 3 | 0 0 2 |
+-------+-------+-------+
| 0 6 0 | 0 0 0 | 0 0 0 |
| 0 0 1 | 3 8 0 | 0 5 0 |
| 0 0 0 | 9 0 7 | 1 4 0 |
+-------+-------+-------+
+-------+-------+-------+
| 9 3 5 | 7 4 8 | 6 2 1 |
| 8 7 6 | 2 3 1 | 5 9 4 |
| 1 2 4 | 6 9 5 | 7 8 3 |
+-------+-------+-------+
| 5 1 2 | 4 6 9 | 3 7 8 |
| 6 4 3 | 8 7 2 | 9 1 5 |
| 7 8 9 | 1 5 3 | 4 6 2 |
+-------+-------+-------+
| 2 6 7 | 5 1 4 | 8 3 9 |
| 4 9 1 | 3 8 6 | 2 5 7 |
| 3 5 8 | 9 2 7 | 1 4 6 |
+-------+-------+-------+
Судоку  89 решена за 0.3115009999999927 сек.

+-------+-------+-------+
| 0 0 0 | 0 0 0 | 0 0 0 |
| 0 7 2 | 0 6 0 | 1 0 0 |
| 0 0 5 | 1 0 0 | 0 8 2 |
+-------+-------+-------+
| 0 8 0 | 0 0 1 | 3 0 0 |
| 4 0 0 | 0 0 0 | 0 0 0 |
| 0 3 7 | 0 9 0 | 0 1 0 |
+-------+-------+-------+
| 0 0 0 | 0 2 3 | 8 0 0 |
| 5 0 4 | 0 0 9 | 0 0 0 |
| 0 0 0 | 0 0 0 | 7 9 0 |
+-------+-------+-------+
+-------+-------+-------+
| 1 4 3 | 2 5 8 | 6 7 9 |
| 8 7 2 | 9 6 4 | 1 5 3 |
| 6 9 5 | 1 3 7 | 4 8 2 |
+-------+-------+-------+
| 9 8 6 | 5 4 1 | 3 2 7 |
| 4 5 1 | 3 7 2 | 9 6 8 |
| 2 3 7 | 8 9 6 | 5 1 4 |
+-------+-------+-------+
| 7 1 9 | 6 2 3 | 8 4 5 |
| 5 6 4 | 7 8 9 | 2 3 1 |
| 3 2 8 | 4 1 5 | 7 9 6 |
+-------+-------+-------+
Судоку  90 решена за 0.06628900000001181 сек.

+-------+-------+-------+
| 0 0 0 | 6 5 8 | 0 0 0 |
| 0 0 4 | 0 0 0 | 0 0 0 |
| 1 2 0 | 0 0 0 | 0 0 0 |
+-------+-------+-------+
| 0 0 0 | 0 0 9 | 6 0 7 |
| 0 0 0 | 3 0 0 | 5 0 0 |
| 0 0 2 | 0 8 0 | 0 0 3 |
+-------+-------+-------+
| 0 0 1 | 9 0 0 | 8 0 0 |
| 3 0 6 | 0 0 0 | 0 0 4 |
| 0 0 0 | 0 4 7 | 3 0 0 |
+-------+-------+-------+
+-------+-------+-------+
| 9 3 7 | 6 5 8 | 2 4 1 |
| 8 6 4 | 2 9 1 | 7 3 5 |
| 1 2 5 | 7 3 4 | 9 8 6 |
+-------+-------+-------+
| 5 8 3 | 4 1 9 | 6 2 7 |
| 6 4 9 | 3 7 2 | 5 1 8 |
| 7 1 2 | 5 8 6 | 4 9 3 |
+-------+-------+-------+
| 4 7 1 | 9 6 3 | 8 5 2 |
| 3 9 6 | 8 2 5 | 1 7 4 |
| 2 5 8 | 1 4 7 | 3 6 9 |
+-------+-------+-------+
Судоку  91 решена за 0.04111799999998311 сек.

+-------+-------+-------+
| 0 2 0 | 3 0 0 | 0 0 0 |
| 0 0 6 | 0 0 8 | 0 9 0 |
| 8 3 0 | 5 0 0 | 0 0 0 |
+-------+-------+-------+
| 0 0 0 | 2 0 0 | 0 8 0 |
| 7 0 9 | 0 0 5 | 0 0 0 |
| 0 0 0 | 0 0 6 | 0 0 4 |
+-------+-------+-------+
| 0 0 0 | 0 0 0 | 0 1 0 |
| 0 0 1 | 0 0 0 | 4 0 2 |
| 2 0 0 | 7 0 0 | 8 0 9 |
+-------+-------+-------+
+-------+-------+-------+
| 9 2 4 | 3 6 1 | 7 5 8 |
| 1 5 6 | 4 7 8 | 2 9 3 |
| 8 3 7 | 5 9 2 | 6 4 1 |
+-------+-------+-------+
| 6 1 3 | 2 4 7 | 9 8 5 |
| 7 4 9 | 1 8 5 | 3 2 6 |
| 5 8 2 | 9 3 6 | 1 7 4 |
+-------+-------+-------+
| 4 9 8 | 6 2 3 | 5 1 7 |
| 3 7 1 | 8 5 9 | 4 6 2 |
| 2 6 5 | 7 1 4 | 8 3 9 |
+-------+-------+-------+
Судоку  92 решена за 0.02004800000000273 сек.

+-------+-------+-------+
| 0 5 0 | 0 9 0 | 0 0 0 |
| 1 0 0 | 0 0 0 | 6 0 0 |
| 0 0 0 | 3 0 8 | 0 0 0 |
+-------+-------+-------+
| 0 0 8 | 0 4 0 | 0 0 9 |
| 5 1 4 | 0 0 0 | 0 0 0 |
| 0 3 0 | 0 0 0 | 2 0 0 |
+-------+-------+-------+
| 0 0 0 | 0 0 0 | 0 0 4 |
| 0 8 0 | 0 0 6 | 0 0 7 |
| 7 0 0 | 1 5 0 | 0 6 0 |
+-------+-------+-------+
+-------+-------+-------+
| 8 5 6 | 4 9 1 | 3 7 2 |
| 1 4 3 | 5 7 2 | 6 9 8 |
| 9 2 7 | 3 6 8 | 4 5 1 |
+-------+-------+-------+
| 2 7 8 | 6 4 5 | 1 3 9 |
| 5 1 4 | 9 2 3 | 7 8 6 |
| 6 3 9 | 8 1 7 | 2 4 5 |
+-------+-------+-------+
| 3 6 1 | 7 8 9 | 5 2 4 |
| 4 8 5 | 2 3 6 | 9 1 7 |
| 7 9 2 | 1 5 4 | 8 6 3 |
+-------+-------+-------+
Судоку  93 решена за 0.1269139999999993 сек.

+-------+-------+-------+
| 0 0 0 | 0 0 2 | 0 0 0 |
| 0 0 0 | 0 7 0 | 0 0 1 |
| 7 0 0 | 3 0 0 | 0 9 0 |
+-------+-------+-------+
| 8 0 0 | 7 0 0 | 0 0 0 |
| 0 2 0 | 8 9 0 | 6 0 0 |
| 0 1 3 | 0 0 6 | 0 0 0 |
+-------+-------+-------+
| 0 9 0 | 0 5 0 | 8 2 4 |
| 0 0 0 | 0 0 8 | 9 1 0 |
| 0 0 0 | 0 0 0 | 0 0 0 |
+-------+-------+-------+
+-------+-------+-------+
| 6 5 9 | 4 1 2 | 3 7 8 |
| 2 3 8 | 6 7 9 | 4 5 1 |
| 7 4 1 | 3 8 5 | 2 9 6 |
+-------+-------+-------+
| 8 6 5 | 7 2 3 | 1 4 9 |
| 4 2 7 | 8 9 1 | 6 3 5 |
| 9 1 3 | 5 4 6 | 7 8 2 |
+-------+-------+-------+
| 3 9 6 | 1 5 7 | 8 2 4 |
| 5 7 4 | 2 6 8 | 9 1 3 |
| 1 8 2 | 9 3 4 | 5 6 7 |
+-------+-------+-------+
Судоку  94 решена за 0.05372800000000666 сек.

+-------+-------+-------+
| 3 0 0 | 0 8 0 | 0 0 0 |
| 0 0 0 | 7 0 0 | 0 0 5 |
| 1 0 0 | 0 0 0 | 0 0 0 |
+-------+-------+-------+
| 0 0 0 | 0 0 0 | 3 6 0 |
| 0 0 2 | 0 0 4 | 0 0 0 |
| 0 7 0 | 0 0 0 | 0 0 0 |
+-------+-------+-------+
| 0 0 0 | 0 6 0 | 1 3 0 |
| 0 4 5 | 2 0 0 | 0 0 0 |
| 0 0 0 | 0 0 0 | 8 0 0 |
+-------+-------+-------+
+-------+-------+-------+
| 3 5 4 | 1 8 6 | 9 2 7 |
| 2 9 8 | 7 4 3 | 6 1 5 |
| 1 6 7 | 9 5 2 | 4 8 3 |
+-------+-------+-------+
| 4 8 1 | 5 2 7 | 3 6 9 |
| 9 3 2 | 6 1 4 | 5 7 8 |
| 5 7 6 | 3 9 8 | 2 4 1 |
+-------+-------+-------+
| 7 2 9 | 8 6 5 | 1 3 4 |
| 8 4 5 | 2 3 1 | 7 9 6 |
| 6 1 3 | 4 7 9 | 8 5 2 |
+-------+-------+-------+
Судоку  95 решена за 0.5460450000000208 сек.

+-------+-------+-------+
| 2 0 0 | 0 0 5 | 0 0 0 |
| 0 0 0 | 0 7 0 | 0 4 0 |
| 0 0 6 | 0 0 0 | 3 0 0 |
+-------+-------+-------+
| 0 0 0 | 3 0 0 | 6 0 1 |
| 0 4 0 | 8 0 0 | 0 0 0 |
| 7 0 0 | 0 0 0 | 0 0 0 |
+-------+-------+-------+
| 0 7 0 | 0 0 0 | 2 5 0 |
| 0 0 0 | 4 0 0 | 0 0 0 |
| 0 0 0 | 0 1 0 | 0 0 0 |
+-------+-------+-------+
+-------+-------+-------+
| 2 3 7 | 6 4 5 | 1 9 8 |
| 8 1 9 | 2 7 3 | 5 4 6 |
| 4 5 6 | 1 8 9 | 3 2 7 |
+-------+-------+-------+
| 9 8 5 | 3 2 4 | 6 7 1 |
| 1 4 2 | 8 6 7 | 9 3 5 |
| 7 6 3 | 5 9 1 | 4 8 2 |
+-------+-------+-------+
| 6 7 1 | 9 3 8 | 2 5 4 |
| 3 2 8 | 4 5 6 | 7 1 9 |
| 5 9 4 | 7 1 2 | 8 6 3 |
+-------+-------+-------+
Судоку  96 решена за 0.4700070000000096 сек.

+-------+-------+-------+
| 0 0 0 | 0 3 1 | 0 0 0 |
| 0 9 0 | 0 0 0 | 0 5 0 |
| 0 0 0 | 0 0 0 | 8 0 0 |
+-------+-------+-------+
| 3 0 6 | 8 0 0 | 0 0 0 |
| 7 0 0 | 0 0 0 | 0 0 2 |
| 0 0 8 | 0 0 0 | 0 4 0 |
+-------+-------+-------+
| 0 0 0 | 6 4 0 | 3 0 0 |
| 0 2 0 | 0 0 0 | 0 0 0 |
| 1 0 0 | 0 0 0 | 0 0 0 |
+-------+-------+-------+
+-------+-------+-------+
| 8 7 2 | 5 3 1 | 9 6 4 |
| 4 9 3 | 7 8 6 | 2 5 1 |
| 5 6 1 | 2 9 4 | 8 3 7 |
+-------+-------+-------+
| 3 4 6 | 8 2 5 | 1 7 9 |
| 7 1 9 | 4 6 3 | 5 8 2 |
| 2 5 8 | 1 7 9 | 6 4 3 |
+-------+-------+-------+
| 9 8 7 | 6 4 2 | 3 1 5 |
| 6 2 5 | 3 1 7 | 4 9 8 |
| 1 3 4 | 9 5 8 | 7 2 6 |
+-------+-------+-------+
Судоку  97 решена за 7.666606999999999 сек.

+-------+-------+-------+
| 0 0 0 | 0 5 2 | 0 0 0 |
| 0 0 0 | 0 0 0 | 1 0 0 |
| 0 0 0 | 0 3 0 | 0 0 0 |
+-------+-------+-------+
| 0 6 0 | 1 0 0 | 4 0 0 |
| 0 0 0 | 0 0 0 | 0 3 0 |
| 0 8 0 | 0 0 0 | 0 0 0 |
+-------+-------+-------+
| 3 0 0 | 0 0 0 | 6 0 2 |
| 7 0 5 | 4 0 0 | 0 0 0 |
| 2 0 0 | 5 0 0 | 0 0 0 |
+-------+-------+-------+
+-------+-------+-------+
| 6 3 1 | 9 5 2 | 8 4 7 |
| 5 2 9 | 8 4 7 | 1 6 3 |
| 8 7 4 | 6 3 1 | 2 9 5 |
+-------+-------+-------+
| 9 6 3 | 1 7 5 | 4 2 8 |
| 4 5 7 | 2 6 8 | 9 3 1 |
| 1 8 2 | 3 9 4 | 5 7 6 |
+-------+-------+-------+
| 3 4 8 | 7 1 9 | 6 5 2 |
| 7 1 5 | 4 2 6 | 3 8 9 |
| 2 9 6 | 5 8 3 | 7 1 4 |
+-------+-------+-------+
Судоку  98 решена за 0.4513510000000167 сек.

+-------+-------+-------+
| 5 8 0 | 0 0 0 | 0 0 2 |
| 0 6 0 | 3 0 0 | 0 0 0 |
| 0 0 0 | 1 0 0 | 0 0 0 |
+-------+-------+-------+
| 7 5 2 | 0 0 0 | 0 0 0 |
| 0 0 0 | 0 0 0 | 3 6 0 |
| 0 0 0 | 0 0 0 | 1 0 0 |
+-------+-------+-------+
| 4 0 0 | 0 8 7 | 0 0 0 |
| 0 0 0 | 0 5 0 | 0 0 0 |
| 0 0 1 | 0 0 0 | 0 0 0 |
+-------+-------+-------+
+-------+-------+-------+
| 5 8 3 | 7 6 4 | 9 1 2 |
| 1 6 9 | 3 2 5 | 4 7 8 |
| 2 7 4 | 1 9 8 | 5 3 6 |
+-------+-------+-------+
| 7 5 2 | 6 1 3 | 8 4 9 |
| 9 1 8 | 5 4 2 | 3 6 7 |
| 3 4 6 | 8 7 9 | 1 2 5 |
+-------+-------+-------+
| 4 3 5 | 2 8 7 | 6 9 1 |
| 6 9 7 | 4 5 1 | 2 8 3 |
| 8 2 1 | 9 3 6 | 7 5 4 |
+-------+-------+-------+
Судоку  99 решена за 0.39242799999999534 сек.

+-------+-------+-------+
| 0 0 0 | 7 0 0 | 3 0 0 |
| 0 8 0 | 0 0 0 | 1 0 0 |
| 0 2 0 | 0 4 0 | 0 0 0 |
+-------+-------+-------+
| 6 0 0 | 3 0 0 | 0 0 2 |
| 0 0 0 | 0 0 0 | 0 5 8 |
| 0 0 0 | 0 0 0 | 0 4 0 |
+-------+-------+-------+
| 0 0 0 | 0 8 1 | 0 0 0 |
| 1 0 7 | 0 0 0 | 0 0 0 |
| 3 0 0 | 0 0 0 | 0 0 0 |
+-------+-------+-------+
+-------+-------+-------+
| 4 5 6 | 7 1 2 | 3 8 9 |
| 7 8 3 | 5 9 6 | 1 2 4 |
| 9 2 1 | 8 4 3 | 5 7 6 |
+-------+-------+-------+
| 6 7 4 | 3 5 8 | 9 1 2 |
| 2 3 9 | 1 6 4 | 7 5 8 |
| 8 1 5 | 9 2 7 | 6 4 3 |
+-------+-------+-------+
| 5 9 2 | 6 8 1 | 4 3 7 |
| 1 4 7 | 2 3 9 | 8 6 5 |
| 3 6 8 | 4 7 5 | 2 9 1 |
+-------+-------+-------+
Судоку 100 решена за 2.5583959999999877 сек.



Все 100 судоку решены за 184.773935 сек.
